SH, 17, 2002030418,   , BEST,   0, 190S, 1575E,  25, 1002, TD,  35, NEQ,    0,    0,    0,    0, 1008,  130,  15,   0,   0, 
SH, 17, 2002030500,   , BEST,   0, 190S, 1585E,  30, 1000, TD,  35, NEQ,    0,    0,    0,    0, 1008,  130,  15,   0,   0, 
SH, 17, 2002030506,   , BEST,   0, 190S, 1596E,  35,  997, TS,  35, NEQ,    0,    0,    0,    0, 1008,  130,  35,   0,   0, 
SH, 17, 2002030512,   , BEST,   0, 192S, 1606E,  35,  997, TS,  35, NEQ,    0,    0,    0,    0, 1008,  130,  35,   0,   0, 
SH, 17, 2002030518,   , BEST,   0, 197S, 1615E,  45,  991, TS,  35, NEQ,   65,   65,   65,   65, 1008,   97,  30,   0,   0, 
SH, 17, 2002030600,   , BEST,   0, 202S, 1624E,  50,  987, TS,  35, NEQ,   70,   65,   65,   70, 1008,  105,  30,   0,   0, 
SH, 17, 2002030606,   , BEST,   0, 210S, 1632E,  45,  991, TS,  35, NEQ,   65,   65,   40,   40, 1006,  130,  30,   0,   0, 
SH, 17, 2002030612,   , BEST,   0, 218S, 1643E,  40,  997, TS,  35, NEQ,   40,   40,   60,   40, 1006,  130,  30,   0,   0, 
SH, 17, 2002030618,   , BEST,   0, 227S, 1653E,  35,  997, TS,   0,    ,    0,    0,    0,    0, 
SH, 17, 2002030700,   , BEST,   0, 237S, 1663E,  35,  997, TS,   0,    ,    0,    0,    0,    0, 
SH, 17, 2002030706,   , BEST,   0, 242S, 1683E,  35,  997, TS,   0,    ,    0,    0,    0,    0, 
