SH, 23, 2002050206,   , BEST,   0,  73S,  620E,  25, 1002, TD,  35, NEQ,    0,    0,    0,    0, 1004,  150,  40,   0,   0, 
SH, 23, 2002050212,   , BEST,   0,  77S,  624E,  25, 1002, TD,  35, NEQ,    0,    0,    0,    0, 1004,  150,  40,   0,   0, 
SH, 23, 2002050218,   , BEST,   0,  82S,  635E,  25, 1002, TD,  35, NEQ,    0,    0,    0,    0, 1004,  150,  40,   0,   0, 
SH, 23, 2002050300,   , BEST,   0,  85S,  650E,  25, 1002, TD,  35, NEQ,    0,    0,    0,    0, 1004,  150,  40,   0,   0, 
SH, 23, 2002050306,   , BEST,   0,  89S,  655E,  35,  997, TS,  35, NEQ,    0,    0,    0,    0, 1003,  150,  40,   0,   0, 
SH, 23, 2002050312,   , BEST,   0,  92S,  658E,  35,  997, TS,  35, NEQ,    0,    0,    0,    0, 1003,  150,  40,   0,   0, 
SH, 23, 2002050318,   , BEST,   0,  95S,  661E,  35,  997, TS,  35, NEQ,   50,   50,  120,  120, 1004,  140,  80,   0,   0, 
SH, 23, 2002050400,   , BEST,   0,  97S,  663E,  35,  997, TS,  35, NEQ,   50,  110,  120,   80, 1004,  140,  80,   0,   0, 
SH, 23, 2002050406,   , BEST,   0,  98S,  662E,  40,  994, TS,  35, NEQ,   60,  110,  120,  120, 1004,  140,  50,   0,   0, 
SH, 23, 2002050412,   , BEST,   0,  99S,  661E,  40,  994, TS,  35, NEQ,   60,  110,  120,  120, 1004,  140,  50,   0,   0, 
SH, 23, 2002050418,   , BEST,   0, 100S,  658E,  45,  991, TS,  35, NEQ,   70,   70,  125,  130, 1004,  180,  50,   0,   0, 
SH, 23, 2002050500,   , BEST,   0, 100S,  651E,  45,  991, TS,  35, NEQ,   50,   50,  110,  115, 1004,  175,  35,   0,   0, 
SH, 23, 2002050506,   , BEST,   0, 101S,  643E,  45,  991, TS,  35, NEQ,   50,   50,  110,  115, 1004,  175,  35,   0,   0, 
SH, 23, 2002050512,   , BEST,   0, 103S,  634E,  45,  991, TS,  35, NEQ,   50,   50,  115,  115, 1004,  175,  35,   0,   0, 
SH, 23, 2002050518,   , BEST,   0, 104S,  624E,  55,  984, TS,  35, NEQ,   40,  100,  120,   60, 1003,  155,  20,   0,   0, 
SH, 23, 2002050600,   , BEST,   0, 104S,  617E,  55,  984, TS,  35, NEQ,   40,  100,  120,   60, 1003,  155,  20,   0,   0, 
SH, 23, 2002050606,   , BEST,   0, 105S,  611E,  65,  976, TY,  35, NEQ,   50,  120,  120,   80, 1003,  150,  20,   0,   0, 
SH, 23, 2002050612,   , BEST,   0, 106S,  606E,  65,  976, TY,   0,    ,    0,    0,    0,    0, 
SH, 23, 2002050618,   , BEST,   0, 107S,  601E,  65,  976, TY,  35, NEQ,   70,  120,  120,   80, 1002,  180,  20,   0,   0, 
SH, 23, 2002050700,   , BEST,   0, 108S,  596E,  65,  976, TY,  35, NEQ,  100,  120,  120,  100, 1002,  150,  20,   0,   0, 
SH, 23, 2002050706,   , BEST,   0, 110S,  590E,  55,  984, TS,  35, NEQ,  100,  120,  120,  100, 1002,  150,  20,   0,   0, 
SH, 23, 2002050712,   , BEST,   0, 112S,  583E,  50,  987, TS,  35, NEQ,  100,  120,  120,  100, 1002,  150,  20,   0,   0, 
SH, 23, 2002050718,   , BEST,   0, 114S,  576E,  50,  987, TS,  35, NEQ,   60,   90,   90,   60, 1003,  140,  30,   0,   0, 
SH, 23, 2002050800,   , BEST,   0, 116S,  566E,  45,  991, TS,  35, NEQ,   60,   90,   90,   60, 1003,  140,  30,   0,   0, 
SH, 23, 2002050806,   , BEST,   0, 116S,  555E,  45,  991, TS,  35, NEQ,   30,  120,   75,   30, 1003,  180,  30,   0,   0, 
SH, 23, 2002050812,   , BEST,   0, 118S,  542E,  45,  991, TS,  35, NEQ,   40,  120,   90,   40, 1003,  150,  30,   0,   0, 
SH, 23, 2002050818,   , BEST,   0, 120S,  531E,  45,  991, TS,  35, NEQ,   40,  120,   90,   40, 1003,  150,  30,   0,   0, 
SH, 23, 2002050900,   , BEST,   0, 122S,  522E,  55,  984, TS,  35, NEQ,   40,  120,   90,   40, 1003,  150,  30,   0,   0, 
SH, 23, 2002050906,   , BEST,   0, 124S,  512E,  60,  980, TS,  35, NEQ,   60,  100,  120,  120, 1003,  150,  30,   0,   0, 
SH, 23, 2002050912,   , BEST,   0, 126S,  500E,  65,  976, TY,  35, NEQ,   60,  100,  120,  120, 1003,  150,  20,   0,   0, 
SH, 23, 2002050918,   , BEST,   0, 128S,  490E,  55,  984, TS,  35, NEQ,   60,  100,  120,  120, 1003,  150,  20,   0,   0, 
SH, 23, 2002051000,   , BEST,   0, 132S,  480E,  45,  991, TS,  35, NEQ,   60,  100,  120,  120, 1003,  150,  20,   0,   0, 
SH, 23, 2002051006,   , BEST,   0, 136S,  473E,  40,  994, TS,  35, NEQ,    0,    0,    0,    0, 1003,  150,  35,   0,   0, 
SH, 23, 2002051012,   , BEST,   0, 144S,  471E,  35,  997, TS,  35, NEQ,    0,    0,    0,    0, 1003,  150,  35,   0,   0, 
SH, 23, 2002051018,   , BEST,   0, 153S,  469E,  30, 1000, TD,  35, NEQ,    0,    0,    0,    0, 1003,  150,  35,   0,   0, 
SH, 23, 2002051100,   , BEST,   0, 156S,  469E,  30, 1000, TD,   0,    ,    0,    0,    0,    0, 
SH, 23, 2002051106,   , BEST,   0, 157S,  469E,  25, 1002, TD,   0,    ,    0,    0,    0,    0, 
SH, 23, 2002051112,   , BEST,   0, 158S,  469E,  25, 1002, TD,   0,    ,    0,    0,    0,    0, 
SH, 23, 2002051118,   , BEST,   0, 159S,  469E,  25, 1002, TD,   0,    ,    0,    0,    0,    0, 
