SH, 20, 2002032212,   , BEST,   0,  82S,  814E,  25, 1002, TD,   0,    ,    0,    0,    0,    0, 
SH, 20, 2002032218,   , BEST,   0,  82S,  805E,  25, 1002, TD,  35, NEQ,    0,    0,    0,    0, 1008,  150,  30,   0,   0, 
SH, 20, 2002032300,   , BEST,   0,  79S,  795E,  30, 1000, TD,  35, NEQ,    0,    0,    0,    0, 1007,  150,  45,   0,   0, 
SH, 20, 2002032306,   , BEST,   0,  84S,  786E,  30, 1000, TD,  35, NEQ,    0,    0,    0,    0, 1007,  150,  30,   0,   0, 
SH, 20, 2002032312,   , BEST,   0,  91S,  781E,  30, 1000, TD,  35, NEQ,    0,    0,    0,    0, 1006,  150,  30,   0,   0, 
SH, 20, 2002032318,   , BEST,   0,  98S,  775E,  25, 1002, TD,  35, NEQ,    0,    0,    0,    0, 1006,  150,  30,   0,   0, 
SH, 20, 2002032400,   , BEST,   0, 102S,  769E,  30, 1000, TD,  35, NEQ,    0,    0,    0,    0, 1006,  150,  30,   0,   0, 
SH, 20, 2002032406,   , BEST,   0, 106S,  761E,  30, 1000, TD,  35, NEQ,    0,    0,    0,    0, 1007,  150,  30,   0,   0, 
SH, 20, 2002032412,   , BEST,   0, 109S,  753E,  35,  997, TS,  35, NEQ,    0,    0,    0,    0, 1005,  150,  30,   0,   0, 
SH, 20, 2002032418,   , BEST,   0, 111S,  746E,  40,  994, TS,  35, NEQ,    0,    0,    0,    0, 1005,  150,  60,   0,   0, 
SH, 20, 2002032500,   , BEST,   0, 113S,  739E,  40,  994, TS,  35, NEQ,   70,   80,   70,   60, 1005,  120,  60,   0,   0, 
SH, 20, 2002032506,   , BEST,   0, 115S,  732E,  40,  994, TS,  35, NEQ,   70,   80,   70,   60, 1005,  180,  50,   0,   0, 
SH, 20, 2002032512,   , BEST,   0, 118S,  729E,  45,  991, TS,  35, NEQ,   70,   80,   80,   70, 1005,  120,  40,   0,   0, 
SH, 20, 2002032518,   , BEST,   0, 122S,  730E,  55,  984, TS,  35, NEQ,  120,  105,   75,  105, 1003,  135,  35,   0,   0, 
SH, 20, 2002032600,   , BEST,   0, 127S,  732E,  60,  980, TS,  35, NEQ,  135,  105,  105,  105, 1001,  135,  35,   0,   0, 
SH, 20, 2002032606,   , BEST,   0, 135S,  737E,  65,  976, TY,  35, NEQ,  125,  105,   90,  125, 1001,  187,  35,   0,   0, 
SH, 20, 2002032612,   , BEST,   0, 143S,  742E,  80,  963, TY,   0,    ,    0,    0,    0,    0, 
SH, 20, 2002032618,   , BEST,   0, 151S,  746E,  95,  949, TY,  35, NEQ,  100,  175,  125,  125, 1001,  150,  25,   0,   0, 
SH, 20, 2002032700,   , BEST,   0, 156S,  749E, 100,  944, TY,   0,    ,    0,    0,    0,    0, 
SH, 20, 2002032706,   , BEST,   0, 163S,  755E, 105,  938, TY,  35, NEQ,  100,  180,   80,  110, 1001,  130,  20,   0,   0, 
SH, 20, 2002032712,   , BEST,   0, 170S,  761E, 110,  933, TY,  35, NEQ,  120,  160,   90,  110, 1001,  130,  20,   0,   0, 
SH, 20, 2002032718,   , BEST,   0, 177S,  768E, 105,  938, TY,  35, NEQ,  120,  160,  160,  120, 1001,  130,  20,   0,   0, 
SH, 20, 2002032800,   , BEST,   0, 183S,  776E,  90,  954, TY,  35, NEQ,  110,  150,  150,  110, 1001,  130,  20,   0,   0, 
SH, 20, 2002032806,   , BEST,   0, 189S,  784E,  60,  980, TS,  35, NEQ,   95,  130,  130,   95, 1001,  195,  20,   0,   0, 
SH, 20, 2002032812,   , BEST,   0, 195S,  793E,  50,  987, TS,  35, NEQ,   85,  120,  120,   85, 1001,  130,  20,   0,   0, 
SH, 20, 2002032818,   , BEST,   0, 202S,  803E,  45,  991, TS,  35, NEQ,   70,  110,  110,   70, 1001,  120,  25,   0,   0, 
SH, 20, 2002032900,   , BEST,   0, 208S,  814E,  35,  997, TS,  35, NEQ,    0,    0,    0,    0, 1001,  110,  35,   0,   0, 
SH, 20, 2002032906,   , BEST,   0, 213S,  827E,  25, 1002, TD,   0,    ,    0,    0,    0,    0, 
