SH, 03, 2002111418,   , BEST,   0,  63S,  777E,  25, 1002, TD,   0,    ,    0,    0,    0,    0, 
SH, 03, 2002111500,   , BEST,   0,  72S,  772E,  25, 1002, TD,   0,    ,    0,    0,    0,    0, 
SH, 03, 2002111506,   , BEST,   0,  81S,  767E,  30, 1000, TD,   0,    ,    0,    0,    0,    0, 1007,  120,  40,   0,   0, 
SH, 03, 2002111512,   , BEST,   0,  88S,  758E,  35,  997, TS,   0,    ,    0,    0,    0,    0, 1007,  120,  40,   0,   0, 
SH, 03, 2002111518,   , BEST,   0,  94S,  750E,  40,  994, TS,  34, NEQ,   50,   70,   70,   50, 1008,  120,  35,   0,   0, 
SH, 03, 2002111600,   , BEST,   0,  99S,  741E,  40,  994, TS,  34, NEQ,   50,   80,   80,   50, 1008,  120,  40,   0,   0, 
SH, 03, 2002111606,   , BEST,   0, 104S,  733E,  40,  994, TS,  34, NEQ,   60,  110,  110,   60, 1006,  130,  40,   0,   0, 
SH, 03, 2002111612,   , BEST,   0, 108S,  725E,  45,  991, TS,  34, NEQ,   60,  110,  110,   60, 1006,  130,  30,   0,   0, 
SH, 03, 2002111618,   , BEST,   0, 113S,  715E,  45,  991, TS,  34, NEQ,   60,  100,  100,   60, 1006,  130,  35,   0,   0, 
SH, 03, 2002111700,   , BEST,   0, 116S,  704E,  55,  984, TS,  34, NEQ,   60,  100,  100,   60, 1006,  130,  40,   0,   0, 
SH, 03, 2002111706,   , BEST,   0, 121S,  695E,  65,  976, TY,  34, NEQ,   70,  150,  150,   70, 1006,  150,  25,   0,   0, 
SH, 03, 2002111712,   , BEST,   0, 127S,  688E,  65,  976, TY,  34, NEQ,   70,  150,  150,   70, 1006,  150,  25,   0,   0, 
SH, 03, 2002111718,   , BEST,   0, 131S,  682E,  75,  967, TY,  34, NEQ,   70,  150,  150,   70, 1006,  155,  25,   0,   0, 
SH, 03, 2002111800,   , BEST,   0, 134S,  675E,  75,  967, TY,  34, NEQ,   70,  150,  150,   70, 1006,  155,  25,   0,   0, 
SH, 03, 2002111806,   , BEST,   0, 136S,  665E,  75,  967, TY,  34, NEQ,   65,  140,  140,   65, 1004,  140,  20,   0,   0, 
SH, 03, 2002111812,   , BEST,   0, 137S,  655E,  75,  967, TY,  34, NEQ,   65,  140,  140,   65, 1004,  140,  20,   0,   0, 
SH, 03, 2002111818,   , BEST,   0, 137S,  647E,  75,  967, TY,  34, NEQ,   65,  140,  140,   65, 1004,  140,  20,   0,   0, 
SH, 03, 2002111900,   , BEST,   0, 137S,  638E,  75,  967, TY,  34, NEQ,   75,  140,  140,   75, 1004,  140,  20,   0,   0, 
SH, 03, 2002111906,   , BEST,   0, 138S,  628E,  75,  967, TY,  34, NEQ,   75,  140,  140,   75, 1004,  140,  20,   0,   0, 
SH, 03, 2002111912,   , BEST,   0, 144S,  620E,  75,  967, TY,  34, NEQ,   75,  140,  140,   75, 1004,  140,  20,   0,   0, 
SH, 03, 2002111918,   , BEST,   0, 148S,  610E,  75,  967, TY,  34, NEQ,   85,  140,  140,   85, 1004,  210,  20,   0,   0, 
SH, 03, 2002112000,   , BEST,   0, 150S,  599E,  75,  967, TY,  34, NEQ,   85,  140,  140,   85, 1004,  140,  20,   0,   0, 
SH, 03, 2002112006,   , BEST,   0, 154S,  591E,  75,  967, TY,  34, NEQ,   85,  140,  140,   85, 1004,  140,  20,   0,   0, 
SH, 03, 2002112012,   , BEST,   0, 156S,  583E,  75,  967, TY,  34, NEQ,   85,  140,  140,   85, 1004,  140,  20,   0,   0, 
SH, 03, 2002112018,   , BEST,   0, 157S,  576E,  65,  976, TY,  34, NEQ,   85,  180,  160,   85, 1004,  140,  20,   0,   0, 
SH, 03, 2002112100,   , BEST,   0, 155S,  568E,  55,  984, TS,   0,    ,    0,    0,    0,    0, 1008,  150,  15,   0,   0, 
SH, 03, 2002112106,   , BEST,   0, 152S,  560E,  50,  987, TS,  34, NEQ,   80,  110,  115,   80, 1008,  140,  40,   0,   0, 
SH, 03, 2002112112,   , BEST,   0, 148S,  554E,  45,  991, TS,  34, NEQ,   65,   90,  100,   65, 1007,  130,  30,   0,   0, 
SH, 03, 2002112118,   , BEST,   0, 143S,  548E,  40,  994, TS,  34, NEQ,   60,  130,  130,   60, 1007,  130,  30,   0,   0, 
SH, 03, 2002112200,   , BEST,   0, 138S,  542E,  35,  997, TS,  34, NEQ,   60,  130,  130,   60, 1004,  195,  30,   0,   0, 
SH, 03, 2002112206,   , BEST,   0, 132S,  536E,  35,  997, TS,  34, NEQ,   60,  130,  130,   60, 
SH, 03, 2002112212,   , BEST,   0, 128S,  530E,  35,  997, TS,   0,    ,    0,    0,    0,    0, 
SH, 03, 2002112218,   , BEST,   0, 123S,  523E,  30, 1000, TD,   0,    ,    0,    0,    0,    0, 
SH, 03, 2002112300,   , BEST,   0, 117S,  517E,  30, 1000, TD,   0,    ,    0,    0,    0,    0, 
SH, 03, 2002112306,   , BEST,   0, 110S,  513E,  30, 1000, TD,   0,    ,    0,    0,    0,    0, 
SH, 03, 2002112312,   , BEST,   0, 105S,  510E,  25, 1002, TD,   0,    ,    0,    0,    0,    0, 
SH, 03, 2002112318,   , BEST,   0, 101S,  509E,  25, 1002, TD,   0,    ,    0,    0,    0,    0, 
SH, 03, 2002112400,   , BEST,   0,  95S,  509E,  25, 1002, TD,   0,    ,    0,    0,    0,    0, 
SH, 03, 2002112406,   , BEST,   0,  91S,  508E,  25, 1002, TD,   0,    ,    0,    0,    0,    0, 
SH, 03, 2002112412,   , BEST,   0,  87S,  503E,  25, 1002, TD,   0,    ,    0,    0,    0,    0, 
SH, 03, 2002112418,   , BEST,   0,  84S,  497E,  25, 1002, TD,   0,    ,    0,    0,    0,    0, 
SH, 03, 2002112500,   , BEST,   0,  81S,  492E,  25, 1002, TD,   0,    ,    0,    0,    0,    0, 
SH, 03, 2002112506,   , BEST,   0,  78S,  487E,  25, 1006, TD,   0,    ,    0,    0,    0,    0, 1009,  130,  25,   0,   0, 
SH, 03, 2002112512,   , BEST,   0,  75S,  483E,  25, 1002, TD,   0,    ,    0,    0,    0,    0, 
