SH, 02, 2002110306,   , BEST,   0,  66S,  696E,  15, 1006, TD,   0,    ,    0,    0,    0,    0, 
SH, 02, 2002110312,   , BEST,   0,  68S,  684E,  15, 1006, TD,   0,    ,    0,    0,    0,    0, 
SH, 02, 2002110318,   , BEST,   0,  69S,  672E,  20, 1004, TD,  34, NEQ,    0,    0,    0,    0, 1008,  120,  45,   0,   0, 
SH, 02, 2002110400,   , BEST,   0,  72S,  660E,  25, 1002, TD,  34, NEQ,    0,    0,    0,    0, 1008,  125,  45,   0,   0, 
SH, 02, 2002110406,   , BEST,   0,  75S,  646E,  25, 1002, TD,  34, NEQ,    0,    0,    0,    0, 1008,  125,  45,   0,   0, 
SH, 02, 2002110412,   , BEST,   0,  76S,  633E,  25, 1002, TD,  34, NEQ,    0,    0,    0,    0, 1008,  125,  45,   0,   0, 
SH, 02, 2002110418,   , BEST,   0,  76S,  620E,  25, 1002, TD,  34, NEQ,    0,    0,    0,    0, 1008,  125,  45,   0,   0, 
SH, 02, 2002110500,   , BEST,   0,  76S,  612E,  25, 1002, TD,  34, NEQ,    0,    0,    0,    0, 1008,  125,  45,   0,   0, 
SH, 02, 2002110506,   , BEST,   0,  78S,  606E,  25, 1002, TD,  34, NEQ,    0,    0,    0,    0, 1008,  125,  45,   0,   0, 
SH, 02, 2002110512,   , BEST,   0,  81S,  602E,  25, 1002, TD,  34, NEQ,    0,    0,    0,    0, 1008,  125,  45,   0,   0, 
SH, 02, 2002110518,   , BEST,   0,  84S,  599E,  25, 1002, TD,  34, NEQ,    0,    0,    0,    0, 1008,  125,  45,   0,   0, 
SH, 02, 2002110600,   , BEST,   0,  88S,  597E,  30, 1000, TD,  34, NEQ,    0,    0,    0,    0, 1008,  125,  45,   0,   0, 
SH, 02, 2002110606,   , BEST,   0,  91S,  595E,  35,  997, TS,  34, NEQ,    0,    0,    0,    0, 1008,  125,  45,   0,   0, 
SH, 02, 2002110612,   , BEST,   0,  94S,  593E,  35,  997, TS,  34, NEQ,    0,    0,    0,    0, 1008,  125,  45,   0,   0, 
SH, 02, 2002110618,   , BEST,   0,  92S,  589E,  45,  991, TS,  34, NEQ,   70,   70,   45,   45, 1006,  120,  35,   0,   0, 
SH, 02, 2002110700,   , BEST,   0,  87S,  586E,  45,  991, TS,  34, NEQ,   70,   70,   45,   45, 1006,  120,  35,   0,   0, 
SH, 02, 2002110706,   , BEST,   0,  85S,  580E,  35,  997, TS,  34, NEQ,   70,   70,   45,   45, 1006,  120,  35,   0,   0, 
SH, 02, 2002110712,   , BEST,   0,  85S,  572E,  35,  997, TS,  34, NEQ,   70,   70,   45,   45, 1006,  120,  35,   0,   0, 
SH, 02, 2002110718,   , BEST,   0,  84S,  561E,  35,  997, TS,   0,    ,    0,    0,    0,    0, 
SH, 02, 2002110800,   , BEST,   0,  84S,  550E,  30, 1000, TD,   0,    ,    0,    0,    0,    0, 
SH, 02, 2002110806,   , BEST,   0,  84S,  540E,  25, 1002, TD,   0,    ,    0,    0,    0,    0, 
SH, 02, 2002110812,   , BEST,   0,  86S,  532E,  25, 1002, TD,   0,    ,    0,    0,    0,    0, 
SH, 02, 2002110818,   , BEST,   0,  92S,  527E,  25, 1003, TD,  34, NEQ,    0,    0,    0,    0, 1008,  120,  15,   0,   0, 
SH, 02, 2002110900,   , BEST,   0,  98S,  522E,  30, 1000, TD,  34, NEQ,    0,    0,    0,    0, 1008,  120,  15,   0,   0, 
SH, 02, 2002110906,   , BEST,   0, 105S,  520E,  35,  997, TS,  34, NEQ,    0,    0,    0,    0, 1009,  120,  20,   0,   0, 
SH, 02, 2002110912,   , BEST,   0, 110S,  515E,  35,  997, TS,  34, NEQ,    0,    0,    0,    0, 1009,  120,  20,   0,   0, 
SH, 02, 2002110918,   , BEST,   0, 115S,  509E,  35, 1002, TS,  34, NEQ,    0,    0,    0,    0, 1009,  120,  20,   0,   0, 
SH, 02, 2002111000,   , BEST,   0, 117S,  501E,  35,  997, TS,  34, NEQ,    0,    0,    0,    0, 1009,  120,  20,   0,   0, 
SH, 02, 2002111006,   , BEST,   0, 114S,  496E,  35,  997, TS,  34, NEQ,    0,    0,    0,    0, 1009,  120,  20,   0,   0, 
SH, 02, 2002111012,   , BEST,   0, 112S,  490E,  25, 1002, TD,  34, NEQ,    0,    0,    0,    0, 1009,  120,  20,   0,   0, 
SH, 02, 2002111018,   , BEST,   0, 112S,  481E,  20, 1004, TD,   0,    ,    0,    0,    0,    0, 
SH, 02, 2002111100,   , BEST,   0, 112S,  470E,  25, 1002, TD,   0,    ,    0,    0,    0,    0, 
SH, 02, 2002111106,   , BEST,   0, 112S,  458E,  30, 1000, TD,  34, NEQ,    0,    0,    0,    0, 1009,  120,  20,   0,   0, 
SH, 02, 2002111112,   , BEST,   0, 116S,  448E,  35,  997, TS,  34, NEQ,    0,    0,    0,    0, 1009,  120,  20,   0,   0, 
SH, 02, 2002111118,   , BEST,   0, 118S,  438E,  35,  997, TS,  34, NEQ,    0,    0,    0,    0, 1009,  120,  25,   0,   0, 
SH, 02, 2002111200,   , BEST,   0, 115S,  427E,  35,  997, TS,  34, NEQ,    0,    0,    0,    0, 1009,  120,  25,   0,   0, 
SH, 02, 2002111206,   , BEST,   0, 107S,  420E,  30, 1000, TD,  34, NEQ,    0,    0,    0,    0, 1009,  120,  25,   0,   0, 
SH, 02, 2002111212,   , BEST,   0, 102S,  411E,  30, 1000, TD,  34, NEQ,    0,    0,    0,    0, 1009,  100,  25,   0,   0, 
SH, 02, 2002111218,   , BEST,   0, 102S,  403E,  30, 1000, TD,   0,    ,    0,    0,    0,    0, 
SH, 02, 2002111300,   , BEST,   0, 102S,  394E,  25, 1002, TD,   0,    ,    0,    0,    0,    0, 
