SH, 09, 2003010612,   , BEST,   0,  95S,  718E,  25, 1002, TD,  34, NEQ,    0,    0,    0,    0, 1008,  120,  40,   0,   0, 
SH, 09, 2003010618,   , BEST,   0,  99S,  715E,  25, 1002, TD,  34, NEQ,    0,    0,    0,    0, 1008,  120,  40,   0,   0, 
SH, 09, 2003010700,   , BEST,   0, 104S,  715E,  25, 1002, TD,  34, NEQ,    0,    0,    0,    0, 1008,  120,  40,   0,   0, 
SH, 09, 2003010706,   , BEST,   0, 108S,  712E,  25, 1002, TD,  34, NEQ,    0,    0,    0,    0, 1006,  120,  40,   0,   0, 
SH, 09, 2003010712,   , BEST,   0, 109S,  707E,  25, 1002, TD,  34, NEQ,    0,    0,    0,    0, 1006,  120,  40,   0,   0, 
SH, 09, 2003010718,   , BEST,   0, 111S,  702E,  25, 1002, TD,  34, NEQ,    0,    0,    0,    0, 1006,  120,  40,   0,   0, 
SH, 09, 2003010800,   , BEST,   0, 116S,  702E,  35,  997, TS,  34, NEQ,    0,    0,    0,    0, 1006,  130,  40,   0,   0, 
SH, 09, 2003010806,   , BEST,   0, 122S,  704E,  35,  997, TS,  34, NEQ,    0,    0,    0,    0, 1006,  130,  40,   0,   0, 
SH, 09, 2003010812,   , BEST,   0, 129S,  706E,  35,  997, TS,  34, NEQ,    0,    0,    0,    0, 1006,  130,  40,   0,   0, 
SH, 09, 2003010818,   , BEST,   0, 136S,  707E,  40,  994, TS,  34, NEQ,  120,   60,   60,  120, 1006,  180,  40,   0,   0, 
SH, 09, 2003010900,   , BEST,   0, 143S,  708E,  50,  987, TS,  34, NEQ,  120,  120,  120,  120, 1006,  180,  40,   0,   0, 
SH, 09, 2003010906,   , BEST,   0, 150S,  711E,  50,  987, TS,  34, NEQ,  120,  120,  120,  120, 1006,  130,  40,   0,   0, 
SH, 09, 2003010912,   , BEST,   0, 158S,  713E,  55,  984, TS,  34, NEQ,  120,  120,   90,   90, 1006,  130,  40,   0,   0, 
SH, 09, 2003010918,   , BEST,   0, 167S,  713E,  60,  980, TS,  34, NEQ,  100,  120,  120,   90, 1006,  120,  25,   0,   0, 
SH, 09, 2003011000,   , BEST,   0, 177S,  708E,  65,  976, TY,  34, NEQ,  110,  140,  120,  110, 1004,  210,  25,   0,   0, 
SH, 09, 2003011006,   , BEST,   0, 188S,  704E,  65,  976, TY,  34, NEQ,  110,  140,  120,  110, 1004,  140,  25,   0,   0, 
SH, 09, 2003011012,   , BEST,   0, 201S,  700E,  65,  976, TY,  34, NEQ,  110,  140,  120,  110, 1004,  140,  25,   0,   0, 
SH, 09, 2003011018,   , BEST,   0, 217S,  697E,  65,  976, TY,  34, NEQ,  110,  150,  120,  110, 1004,  225,  25,   0,   0, 
SH, 09, 2003011100,   , BEST,   0, 233S,  696E,  60,  980, TS,  34, NEQ,  110,  150,  120,  110, 1004,  140,  30,   0,   0, 
SH, 09, 2003011106,   , BEST,   0, 247S,  695E,  55,  984, TS,  34, NEQ,  110,  150,  120,  110, 1004,  140,  30,   0,   0, 
SH, 09, 2003011112,   , BEST,   0, 260S,  699E,  50,  987, TS,  34, NEQ,  110,  150,  120,  110, 1004,  140,  30,   0,   0, 
SH, 09, 2003011118,   , BEST,   0, 268S,  705E,  45,  991, TS,  34, NEQ,  100,  120,  100,  100, 1004,  140,  35,   0,   0, 
SH, 09, 2003011200,   , BEST,   0, 275S,  712E,  40,  994, TS,   0,    ,    0,    0,    0,    0, 
SH, 09, 2003011206,   , BEST,   0, 281S,  720E,  35,  997, TS,   0,    ,    0,    0,    0,    0, 
SH, 09, 2003011212,   , BEST,   0, 284S,  731E,  30, 1000, TD,   0,    ,    0,    0,    0,    0, 
