SH, 17, 2003020906,   , BEST,   0, 120S,  659E,  25, 1002, TD,  34, NEQ,    0,    0,    0,    0, 1006,  120,  60,   0,   0, 
SH, 17, 2003020912,   , BEST,   0, 124S,  655E,  25, 1002, TD,  34, NEQ,    0,    0,    0,    0, 1006,  100,  60,   0,   0, 
SH, 17, 2003020918,   , BEST,   0, 128S,  651E,  25, 1002, TD,   0,    ,    0,    0,    0,    0, 
SH, 17, 2003021000,   , BEST,   0, 134S,  649E,  30, 1000, TD,   0,    ,    0,    0,    0,    0, 
SH, 17, 2003021006,   , BEST,   0, 140S,  647E,  30, 1000, TD,  34, NEQ,    0,    0,    0,    0, 1004,  100,  60,   0,   0, 
SH, 17, 2003021012,   , BEST,   0, 146S,  645E,  35,  997, TS,  34, NEQ,    0,    0,    0,    0, 1004,  100,  60,   0,   0, 
SH, 17, 2003021018,   , BEST,   0, 153S,  643E,  40,  994, TS,  34, NEQ,    0,    0,    0,    0, 1004,  100,  60,   0,   0, 
SH, 17, 2003021100,   , BEST,   0, 160S,  642E,  45,  991, TS,  34, NEQ,   80,   60,   60,   80, 1003,  120,  40,   0,   0, 
SH, 17, 2003021106,   , BEST,   0, 168S,  644E,  45,  991, TS,  34, NEQ,   80,   60,   60,   80, 1003,  120,  40,   0,   0, 
SH, 17, 2003021112,   , BEST,   0, 174S,  651E,  55,  984, TS,  34, NEQ,   65,   70,   70,   65, 1003,  105,  15,   0,   0, 
SH, 17, 2003021118,   , BEST,   0, 176S,  660E,  75,  967, TY,  34, NEQ,   65,   90,   90,   90, 1002,  120,  15,   0,   0, 
SH, 17, 2003021200,   , BEST,   0, 175S,  670E,  80,  963, TY,  34, NEQ,   65,   90,   90,   90, 1002,  120,  15,   0,   0, 
SH, 17, 2003021206,   , BEST,   0, 170S,  680E,  80,  963, TY,  34, NEQ,   65,   90,   90,   90, 1002,  120,  15,   0,   0, 
SH, 17, 2003021212,   , BEST,   0, 166S,  690E,  80,  963, TY,  34, NEQ,   65,   90,   90,   90, 1002,  120,  15,   0,   0, 
SH, 17, 2003021218,   , BEST,   0, 161S,  699E,  80,  963, TY,  34, NEQ,   65,   90,   90,   90, 1002,  120,  15,   0,   0, 
SH, 17, 2003021300,   , BEST,   0, 156S,  705E,  90,  954, TY,  34, NEQ,   75,   90,   90,   90, 1002,  135,  15,   0,   0, 
SH, 17, 2003021306,   , BEST,   0, 151S,  710E,  80,  963, TY,  34, NEQ,   90,   75,   90,   90, 1002,  110,  20,   0,   0, 
SH, 17, 2003021312,   , BEST,   0, 146S,  714E,  80,  963, TY,  34, NEQ,   90,   75,   90,   90, 1002,  110,  20,   0,   0, 
SH, 17, 2003021318,   , BEST,   0, 147S,  720E,  80,  963, TY,  34, NEQ,   90,   75,   90,   90, 1002,  110,  20,   0,   0, 
SH, 17, 2003021400,   , BEST,   0, 152S,  726E,  75,  967, TY,  34, NEQ,   90,   75,   90,   90, 1002,  110,  20,   0,   0, 
SH, 17, 2003021406,   , BEST,   0, 158S,  732E,  65,  976, TY,  34, NEQ,   90,   90,   90,   90, 1002,  110,  20,   0,   0, 
SH, 17, 2003021412,   , BEST,   0, 165S,  738E,  55,  984, TS,   0,    ,    0,    0,    0,    0, 
SH, 17, 2003021418,   , BEST,   0, 173S,  744E,  50,  976, TY,  34, NEQ,   90,   90,   90,   90, 1002,  110,  20,   0,   0, 
SH, 17, 2003021500,   , BEST,   0, 185S,  753E,  45,  991, TS,  34, NEQ,   90,   90,   90,   90, 1002,  110,  20,   0,   0, 
SH, 17, 2003021506,   , BEST,   0, 200S,  764E,  35,  997, TS,  34, NEQ,    0,    0,    0,    0, 1004,   90,  50,   0,   0, 
