SH, 19, 2003022412,   , BEST,   0, 214S,  423E,  20, 1004, TD,   0,    ,    0,    0,    0,    0, 
SH, 19, 2003022418,   , BEST,   0, 212S,  426E,  20, 1004, TD,   0,    ,    0,    0,    0,    0, 
SH, 19, 2003022500,   , BEST,   0, 214S,  429E,  20, 1004, TD,  34, NEQ,    0,    0,    0,    0, 1008,  130,  15,   0,   0, 
SH, 19, 2003022506,   , BEST,   0, 217S,  428E,  25, 1002, TD,  34, NEQ,    0,    0,    0,    0, 1006,  130,  50,   0,   0, 
SH, 19, 2003022512,   , BEST,   0, 221S,  427E,  25, 1002, TD,  34, NEQ,    0,    0,    0,    0, 1006,  130,  50,   0,   0, 
SH, 19, 2003022518,   , BEST,   0, 224S,  424E,  25, 1004, TD,  34, NEQ,    0,    0,    0,    0, 1006,  130,  50,   0,   0, 
SH, 19, 2003022600,   , BEST,   0, 223S,  415E,  30, 1000, TD,  34, NEQ,    0,    0,    0,    0, 1006,  130,  50,   0,   0, 
SH, 19, 2003022606,   , BEST,   0, 219S,  404E,  30, 1000, TD,  34, NEQ,    0,    0,    0,    0, 1006,  130,  50,   0,   0, 
SH, 19, 2003022612,   , BEST,   0, 216S,  398E,  35,  997, TS,  34, NEQ,    0,    0,    0,    0, 1005,  140,  50,   0,   0, 
SH, 19, 2003022618,   , BEST,   0, 215S,  395E,  45,  991, TS,  34, NEQ,  110,  110,  150,  150, 1005,  160,  50,   0,   0, 
SH, 19, 2003022700,   , BEST,   0, 214S,  392E,  45,  991, TS,  34, NEQ,  110,  110,  150,  150, 1005,  160,  50,   0,   0, 
SH, 19, 2003022706,   , BEST,   0, 216S,  389E,  55,  984, TS,  34, NEQ,   95,   95,  130,  130, 1005,  140,  35,   0,   0, 
SH, 19, 2003022712,   , BEST,   0, 219S,  387E,  65,  976, TY,  34, NEQ,   95,   95,  130,  130, 1005,  130,  30,   0,   0, 
SH, 19, 2003022718,   , BEST,   0, 222S,  384E,  70,  972, TY,  34, NEQ,   95,   95,  130,  130, 1005,  130,  30,   0,   0, 
SH, 19, 2003022800,   , BEST,   0, 225S,  380E,  75,  967, TY,  34, NEQ,  120,  120,  130,  130, 1005,  130,  30,   0,   0, 
SH, 19, 2003022806,   , BEST,   0, 229S,  378E,  75,  967, TY,  34, NEQ,  120,  120,  130,  130, 1004,  130,  25,   0,   0, 
SH, 19, 2003022812,   , BEST,   0, 232S,  376E,  85,  958, TY,  34, NEQ,  120,  120,  130,  130, 1004,  120,  15,   0,   0, 
SH, 19, 2003022818,   , BEST,   0, 237S,  374E, 100,  944, TY,  34, NEQ,  120,  120,  130,  130, 1004,  120,  20,   0,   0, 
SH, 19, 2003030100,   , BEST,   0, 239S,  376E, 115,  927, TY,  34, NEQ,  120,  120,  130,  130, 1004,  120,  20,   0,   0, 
SH, 19, 2003030106,   , BEST,   0, 238S,  377E, 115,  927, TY,  34, NEQ,  120,  120,  120,  130, 1004,  120,  20,   0,   0, 
SH, 19, 2003030112,   , BEST,   0, 236S,  376E, 115,  927, TY,  34, NEQ,  100,  120,  120,  100, 1003,  120,  15,   0,   0, 
SH, 19, 2003030118,   , BEST,   0, 233S,  373E, 115,  927, TY,  34, NEQ,  100,  120,  120,  100, 1003,  120,  20,   0,   0, 
SH, 19, 2003030200,   , BEST,   0, 230S,  369E, 105,  944, TY,  34, NEQ,  100,  120,  120,  100, 1003,  120,  20,   0,   0, 
SH, 19, 2003030206,   , BEST,   0, 226S,  364E,  95,  949, TY,  34, NEQ,  100,  120,  120,  100, 1003,  120,  35,   0,   0, 
SH, 19, 2003030212,   , BEST,   0, 221S,  357E,  90,  954, TY,  34, NEQ,   90,  110,  110,   90, 1003,  120,  35,   0,   0, 
SH, 19, 2003030218,   , BEST,   0, 217S,  351E,  85,  958, TY,   0,    ,    0,    0,    0,    0, 
SH, 19, 2003030300,   , BEST,   0, 213S,  347E,  65,  976, TY,   0,    ,    0,    0,    0,    0, 
SH, 19, 2003030306,   , BEST,   0, 209S,  342E,  65,  976, TY,   0,    ,    0,    0,    0,    0, 
SH, 19, 2003030312,   , BEST,   0, 208S,  334E,  60,  980, TS,   0,    ,    0,    0,    0,    0, 
SH, 19, 2003030318,   , BEST,   0, 203S,  329E,  55,  984, TS,   0,    ,    0,    0,    0,    0, 
SH, 19, 2003030400,   , BEST,   0, 198S,  325E,  55,  984, TS,   0,    ,    0,    0,    0,    0, 
