SH, 16, 2003020718,   , BEST,   0, 149S,  559E,  25, 1002, TD,   0,    ,    0,    0,    0,    0, 
SH, 16, 2003020800,   , BEST,   0, 145S,  561E,  25, 1002, TD,   0,    ,    0,    0,    0,    0, 
SH, 16, 2003020806,   , BEST,   0, 141S,  562E,  25, 1004, TD,  34, NEQ,    0,    0,    0,    0, 1006,  120,  80,   0,   0, 
SH, 16, 2003020812,   , BEST,   0, 137S,  563E,  30, 1000, TD,   0,    ,    0,    0,    0,    0, 
SH, 16, 2003020818,   , BEST,   0, 135S,  561E,  30, 1000, TD,  34, NEQ,   90,   90,   90,   90, 1006,  135,  60,   0,   0, 
SH, 16, 2003020900,   , BEST,   0, 133S,  559E,  35,  997, TS,  34, NEQ,   90,   90,   90,   90, 1006,  120,  70,   0,   0, 
SH, 16, 2003020906,   , BEST,   0, 130S,  555E,  35,  997, TS,  34, NEQ,   90,   90,   90,   90, 1004,  120,  75,   0,   0, 
SH, 16, 2003020912,   , BEST,   0, 126S,  552E,  35,  997, TS,  34, NEQ,    0,    0,    0,    0, 1004,  150,  70,   0,   0, 
SH, 16, 2003020918,   , BEST,   0, 121S,  549E,  35,  997, TS,  34, NEQ,    0,    0,    0,    0, 1004,  120,  60,   0,   0, 
SH, 16, 2003021000,   , BEST,   0, 117S,  547E,  40,  994, TS,  34, NEQ,   70,   70,   70,   70, 1004,  120,  60,   0,   0, 
SH, 16, 2003021006,   , BEST,   0, 114S,  544E,  45,  991, TS,  34, NEQ,  100,  100,   80,   80, 1002,  130,  40,   0,   0, 
SH, 16, 2003021012,   , BEST,   0, 116S,  540E,  50,  987, TS,  34, NEQ,  100,  100,   80,   80, 1002,  130,  25,   0,   0, 
SH, 16, 2003021018,   , BEST,   0, 121S,  539E,  55,  984, TS,  34, NEQ,   90,   90,  120,  120, 1002,  130,  25,   0,   0, 
SH, 16, 2003021100,   , BEST,   0, 126S,  538E,  55,  984, TS,  34, NEQ,   90,   90,  120,  120, 1002,  130,  25,   0,   0, 
SH, 16, 2003021106,   , BEST,   0, 133S,  537E,  60,  980, TS,  34, NEQ,   90,   90,  120,  120, 1002,  130,  25,   0,   0, 
SH, 16, 2003021112,   , BEST,   0, 144S,  536E,  60,  980, TS,  34, NEQ,   90,   90,  120,  120, 1002,  130,  25,   0,   0, 
SH, 16, 2003021118,   , BEST,   0, 155S,  538E,  60,  980, TS,  34, NEQ,   90,   90,  120,  120, 1002,  130,  25,   0,   0, 
SH, 16, 2003021200,   , BEST,   0, 161S,  542E,  60,  980, TS,  34, NEQ,   90,   90,  120,  120, 1002,  130,  25,   0,   0, 
SH, 16, 2003021206,   , BEST,   0, 167S,  546E,  65,  976, TY,  34, NEQ,   90,   90,  120,  120, 1002,  130,  25,   0,   0, 
SH, 16, 2003021212,   , BEST,   0, 172S,  552E,  75,  967, TY,  34, NEQ,   90,   90,  120,  120, 1002,  130,  25,   0,   0, 
SH, 16, 2003021218,   , BEST,   0, 180S,  561E,  85,  958, TY,  34, NEQ,   90,   90,  120,  120, 1002,  130,  25,   0,   0, 
SH, 16, 2003021300,   , BEST,   0, 187S,  573E,  95,  949, TY,  34, NEQ,   90,   90,  110,  110, 1002,  165,  25,   0,   0, 
SH, 16, 2003021306,   , BEST,   0, 194S,  585E, 105,  938, TY,  34, NEQ,  160,  160,  120,  120, 1002,  130,  15,   0,   0, 
SH, 16, 2003021312,   , BEST,   0, 205S,  598E, 105,  938, TY,  34, NEQ,  160,  160,  120,  120, 1002,  130,  15,   0,   0, 
SH, 16, 2003021318,   , BEST,   0, 215S,  609E, 100,  944, TY,  34, NEQ,   90,  150,  120,   90, 1002,  130,  15,   0,   0, 
SH, 16, 2003021400,   , BEST,   0, 226S,  618E, 100,  944, TY,  34, NEQ,   90,  150,  120,   90, 1001,  130,  15,   0,   0, 
SH, 16, 2003021406,   , BEST,   0, 238S,  626E,  90,  954, TY,  34, NEQ,  200,  200,  160,   90, 1001,  130,  25,   0,   0, 
SH, 16, 2003021412,   , BEST,   0, 247S,  634E,  75,  967, TY,  34, NEQ,  120,  200,  200,  120, 1002,  130,  30,   0,   0, 
SH, 16, 2003021418,   , BEST,   0, 256S,  642E,  55,  984, TS,  34, NEQ,  120,  200,  200,  120, 1002,  130,  30,   0,   0, 
SH, 16, 2003021500,   , BEST,   0, 264S,  651E,  35,  997, TS,   0,    ,    0,    0,    0,    0, 
SH, 16, 2003021506,   , BEST,   0, 271S,  661E,  35,  997, TS,   0,    ,    0,    0,    0,    0, 
SH, 16, 2003021512,   , BEST,   0, 279S,  670E,  30, 1000, TD,   0,    ,    0,    0,    0,    0, 
