SH, 22, 2003030400,   , BEST,   0, 201S, 1524E,  20, 1004, TD,   0,    ,    0,    0,    0,    0, 
SH, 22, 2003030406,   , BEST,   0, 208S, 1531E,  25, 1002, TD,  34, NEQ,    0,    0,    0,    0, 1004,  130,  50,   0,   0, 
SH, 22, 2003030412,   , BEST,   0, 213S, 1540E,  30, 1000, TD,  34, NEQ,    0,    0,    0,    0, 1003,  130,  80,   0,   0, 
SH, 22, 2003030418,   , BEST,   0, 208S, 1546E,  30, 1000, TD,  34, NEQ,    0,    0,    0,    0, 1006,  130,  80,   0,   0, 
SH, 22, 2003030500,   , BEST,   0, 203S, 1550E,  30, 1000, TD,  34, NEQ,    0,    0,    0,    0, 1006,  130,  80,   0,   0, 
SH, 22, 2003030506,   , BEST,   0, 197S, 1551E,  35,  997, TS,  34, NEQ,   40,  120,  120,   40, 1004,  180,  40,   0,   0, 
SH, 22, 2003030512,   , BEST,   0, 190S, 1553E,  35,  997, TS,  34, NEQ,    0,    0,    0,    0, 1004,  130,  40,   0,   0, 
SH, 22, 2003030518,   , BEST,   0, 183S, 1550E,  35,  997, TS,  34, NEQ,    0,    0,    0,    0, 1004,  110,  45,   0,   0, 
SH, 22, 2003030600,   , BEST,   0, 176S, 1544E,  30, 1000, TD,  34, NEQ,    0,    0,    0,    0, 1004,  110,  50,   0,   0, 
SH, 22, 2003030606,   , BEST,   0, 168S, 1539E,  30, 1000, TD,  34, NEQ,    0,    0,    0,    0, 1004,  110,  50,   0,   0, 
SH, 22, 2003030612,   , BEST,   0, 162S, 1538E,  30, 1000, TD,  34, NEQ,    0,    0,    0,    0, 1004,  110,  50,   0,   0, 
SH, 22, 2003030618,   , BEST,   0, 156S, 1538E,  30, 1000, TD,  34, NEQ,    0,    0,    0,    0, 1004,  110,  50,   0,   0, 
SH, 22, 2003030700,   , BEST,   0, 150S, 1537E,  30, 1000, TD,   0,    ,    0,    0,    0,    0, 
SH, 22, 2003030706,   , BEST,   0, 144S, 1536E,  25, 1002, TD,  34, NEQ,    0,    0,    0,    0, 1004,  110,  50,   0,   0, 
SH, 22, 2003030712,   , BEST,   0, 138S, 1535E,  25, 1002, TD,  34, NEQ,    0,    0,    0,    0, 1004,  110,  50,   0,   0, 
SH, 22, 2003030718,   , BEST,   0, 139S, 1531E,  25, 1002, TD,   0,    ,    0,    0,    0,    0, 
SH, 22, 2003030800,   , BEST,   0, 140S, 1537E,  25, 1002, TD,   0,    ,    0,    0,    0,    0, 
SH, 22, 2003030806,   , BEST,   0, 136S, 1541E,  25, 1002, TD,   0,    ,    0,    0,    0,    0, 
SH, 22, 2003030812,   , BEST,   0, 129S, 1543E,  25, 1002, TD,   0,    ,    0,    0,    0,    0, 
SH, 22, 2003030818,   , BEST,   0, 124S, 1547E,  25, 1002, TD,  34, NEQ,    0,    0,    0,    0, 1004,  100,  50,   0,   0, 
SH, 22, 2003030900,   , BEST,   0, 123S, 1553E,  25, 1002, TD,  34, NEQ,    0,    0,    0,    0, 1003,  100,  50,   0,   0, 
SH, 22, 2003030906,   , BEST,   0, 123S, 1544E,  25, 1002, TD,  34, NEQ,    0,    0,    0,    0, 1003,  100,  50,   0,   0, 
SH, 22, 2003030912,   , BEST,   0, 124S, 1556E,  25, 1002, TD,  34, NEQ,    0,    0,    0,    0, 1003,  100,  50,   0,   0, 
SH, 22, 2003030918,   , BEST,   0, 124S, 1565E,  25, 1002, TD,  34, NEQ,    0,    0,    0,    0, 1003,  100,  50,   0,   0, 
SH, 22, 2003031000,   , BEST,   0, 123S, 1573E,  25, 1002, TD,  34, NEQ,    0,    0,    0,    0, 1004,  100,  50,   0,   0, 
SH, 22, 2003031006,   , BEST,   0, 121S, 1578E,  30, 1000, TD,  34, NEQ,    0,    0,    0,    0, 1004,  100,  50,   0,   0, 
SH, 22, 2003031012,   , BEST,   0, 122S, 1583E,  35,  997, TS,  34, NEQ,    0,    0,    0,    0, 1004,  130,  50,   0,   0, 
SH, 22, 2003031018,   , BEST,   0, 127S, 1582E,  35,  997, TS,  34, NEQ,    0,    0,    0,    0, 1004,  130,  50,   0,   0, 
SH, 22, 2003031100,   , BEST,   0, 130S, 1585E,  40,  994, TS,  34, NEQ,   55,   55,   55,   55, 1004,  130,  40,   0,   0, 
SH, 22, 2003031106,   , BEST,   0, 134S, 1589E,  45,  994, TS,  34, NEQ,   55,   55,   55,   55, 1004,  130,  40,   0,   0, 
SH, 22, 2003031112,   , BEST,   0, 142S, 1593E,  50,  987, TS,  34, NEQ,  120,   60,  120,  120, 1004,  130,  40,   0,   0, 
SH, 22, 2003031118,   , BEST,   0, 152S, 1596E,  55,  984, TS,  34, NEQ,  120,   60,  120,  120, 1004,  130,  35,   0,   0, 
SH, 22, 2003031200,   , BEST,   0, 162S, 1597E,  65,  976, TY,  34, NEQ,   80,   80,   80,  120, 1004,  180,  20,   0,   0, 
SH, 22, 2003031206,   , BEST,   0, 171S, 1599E,  65,  976, TY,  34, NEQ,   80,   80,   80,  120, 1004,  120,  20,   0,   0, 
SH, 22, 2003031212,   , BEST,   0, 179S, 1604E,  90,  954, TY,  34, NEQ,  120,   80,   80,  120, 1004,  120,  15,   0,   0, 
SH, 22, 2003031218,   , BEST,   0, 188S, 1608E, 115,  927, TY,  34, NEQ,  120,   90,   90,  120, 1002,  130,  35,   0,   0, 
SH, 22, 2003031300,   , BEST,   0, 196S, 1613E, 130,  910, ST,  34, NEQ,  120,   90,   90,  120, 1004,  130,  35,   0,   0, 
SH, 22, 2003031306,   , BEST,   0, 202S, 1620E, 130,  910, ST,  34, NEQ,  120,  120,   90,   90, 1002,  130,  15,   0,   0, 
SH, 22, 2003031312,   , BEST,   0, 207S, 1629E, 130,  910, ST,  34, NEQ,  120,  120,   90,   90, 1002,  130,  15,   0,   0, 
SH, 22, 2003031318,   , BEST,   0, 211S, 1642E, 125,  916, TY,  34, NEQ,  120,  120,   95,   95, 1003,  140,  15,   0,   0, 
SH, 22, 2003031400,   , BEST,   0, 221S, 1661E, 100,  944, TY,  34, NEQ,  120,  120,  100,  100, 1003,  180,  20,   0,   0, 
SH, 22, 2003031406,   , BEST,   0, 231S, 1687E,  90,  954, TY,  34, NEQ,  120,  120,  100,  100, 1003,  140,  15,   0,   0, 
SH, 22, 2003031412,   , BEST,   0, 245S, 1711E,  80,  963, TY,  34, NEQ,  120,  120,  100,  100, 1003,  140,  15,   0,   0, 
SH, 22, 2003031418,   , BEST,   0, 259S, 1735E,  70,  972, TY,  34, NEQ,  120,  120,  100,  100, 1003,  140,  20,   0,   0, 
SH, 22, 2003031500,   , BEST,   0, 275S, 1761E,  60,  980, TS,  34, NEQ,  130,  130,  110,  110, 1003,  140,  30,   0,   0, 
SH, 22, 2003031506,   , BEST,   0, 288S, 1790E,  30, 1000, TD,  34, NEQ,  130,  130,  110,  110, 1003,  140,  45,   0,   0, 
