SH, 08, 2005010400,   , BEST,   0, 103S, 1751E,  15, 1006, DB,   0,    ,    0,    0,    0,    0, 
SH, 08, 2005010406,   , BEST,   0, 100S, 1747E,  15, 1006, DB,   0,    ,    0,    0,    0,    0, 
SH, 08, 2005010412,   , BEST,   0,  99S, 1744E,  20, 1004, DB,   0,    ,    0,    0,    0,    0, 
SH, 08, 2005010418,   , BEST,   0,  99S, 1741E,  30, 1000, TD,   0,    ,    0,    0,    0,    0, 1004,  110,  45,   0,   0, 
SH, 08, 2005010500,   , BEST,   0, 103S, 1736E,  30, 1000, TD,   0,    ,    0,    0,    0,    0, 
SH, 08, 2005010506,   , BEST,   0, 115S, 1732E,  35,  997, TS,  34, NEQ,   45,   45,   45,   45, 1004,  110,  45,   0,   0, 
SH, 08, 2005010512,   , BEST,   0, 124S, 1726E,  35,  997, TS,  34, NEQ,   45,   45,   45,   45,    0,    0,   0,  45,   0, 
SH, 08, 2005010518,   , BEST,   0, 131S, 1719E,  35,  997, TS,  34, NEQ,   45,   45,   45,   45, 1004,  110,  45,   0,   0, 
SH, 08, 2005010600,   , BEST,   0, 138S, 1712E,  40,  994, TS,  34, NEQ,   45,   50,   50,   50,    0,    0,   0,  50,   0, 
SH, 08, 2005010606,   , BEST,   0, 145S, 1703E,  40,  994, TS,  34, NEQ,   45,   45,   50,   45, 1004,  100,  45,   0,   0, 
SH, 08, 2005010612,   , BEST,   0, 151S, 1693E,  40,  994, TS,  34, NEQ,   40,   70,   70,   40, 1004,  100,  35,   0,   0, 
SH, 08, 2005010618,   , BEST,   0, 157S, 1681E,  40,  994, TS,  34, NEQ,   40,  100,  100,   40, 1004,  120,  35,   0,   0, 
SH, 08, 2005010700,   , BEST,   0, 163S, 1667E,  40,  994, TS,  34, NEQ,   40,  100,  100,   40, 1004,  120,  35,   0,   0, 
SH, 08, 2005010706,   , BEST,   0, 171S, 1651E,  45,  991, TS,  34, NEQ,   50,   90,   90,   50, 1004,  120,  30,   0,   0, 
SH, 08, 2005010712,   , BEST,   0, 177S, 1635E,  55,  984, TS,  34, NEQ,   50,   90,   90,   50,    0,    0,   0,  65,   0, 
SH, 08, 2005010718,   , BEST,   0, 178S, 1621E,  65,  976, TY,  34, NEQ,   50,   90,   90,   50, 1003,  120,  20,   0,   0, 
SH, 08, 2005010718,   , BEST,   0, 178S, 1621E,  65,  976, TY,  50, NEQ,   20,   40,   40,   20, 1003,  120,  20,   0,   0, 
SH, 08, 2005010800,   , BEST,   0, 179S, 1608E,  75,  967, TY,  34, NEQ,   70,  110,  110,   70,    0,    0,   0,  90,   0, 
SH, 08, 2005010800,   , BEST,   0, 179S, 1608E,  75,  967, TY,  50, NEQ,   30,   50,   50,   30,    0,    0,   0,  90,   0, 
SH, 08, 2005010800,   , BEST,   0, 179S, 1608E,  75,  967, TY,  64, NEQ,   20,   20,   20,   20,    0,    0,   0,  90,   0, 
SH, 08, 2005010806,   , BEST,   0, 182S, 1602E,  75,  967, TY,  34, NEQ,   80,  110,  110,   80, 1002,  140,  15,   0,  20, 
SH, 08, 2005010806,   , BEST,   0, 182S, 1602E,  75,  967, TY,  50, NEQ,   30,   45,   45,   30, 1002,  140,  15,   0,  20, 
SH, 08, 2005010806,   , BEST,   0, 182S, 1602E,  75,  967, TY,  64, NEQ,   20,   20,   20,   20, 1002,  140,  15,   0,  20, 
SH, 08, 2005010812,   , BEST,   0, 184S, 1598E,  75,  967, TY,  34, NEQ,   85,   95,   95,   85,    0,    0,   0,  90,   0, 
SH, 08, 2005010812,   , BEST,   0, 184S, 1598E,  75,  967, TY,  50, NEQ,   30,   40,   40,   30,    0,    0,   0,  90,   0, 
SH, 08, 2005010812,   , BEST,   0, 184S, 1598E,  75,  967, TY,  64, NEQ,   20,   20,   20,   20,    0,    0,   0,  90,   0, 
SH, 08, 2005010818,   , BEST,   0, 183S, 1596E,  75,  967, TY,  34, NEQ,   85,   95,   95,   85, 1002,  120,  15,   0,   0, 
SH, 08, 2005010818,   , BEST,   0, 183S, 1596E,  75,  967, TY,  50, NEQ,   30,   40,   40,   30, 1002,  120,  15,   0,   0, 
SH, 08, 2005010818,   , BEST,   0, 183S, 1596E,  75,  967, TY,  64, NEQ,   20,   20,   20,   20, 1002,  120,  15,   0,   0, 
SH, 08, 2005010900,   , BEST,   0, 182S, 1595E,  75,  967, TY,  34, NEQ,   85,   95,   95,   85,    0,    0,   0,  90,   0, 
SH, 08, 2005010900,   , BEST,   0, 182S, 1595E,  75,  967, TY,  50, NEQ,   30,   40,   40,   30,    0,    0,   0,  90,   0, 
SH, 08, 2005010900,   , BEST,   0, 182S, 1595E,  75,  967, TY,  64, NEQ,   20,   20,   20,   20,    0,    0,   0,  90,   0, 
SH, 08, 2005010906,   , BEST,   0, 181S, 1594E,  85,  958, TY,  34, NEQ,   90,  100,  100,   90, 1002,  120,  10,   0,  15, 
SH, 08, 2005010906,   , BEST,   0, 181S, 1594E,  85,  958, TY,  50, NEQ,   35,   45,   45,   35, 1002,  120,  10,   0,  15, 
SH, 08, 2005010906,   , BEST,   0, 181S, 1594E,  85,  958, TY,  64, NEQ,   25,   25,   25,   25, 1002,  120,  10,   0,  15, 
SH, 08, 2005010912,   , BEST,   0, 181S, 1592E,  90,  954, TY,  34, NEQ,   90,  110,   95,   90,    0,    0,   0, 110,   0, 
SH, 08, 2005010912,   , BEST,   0, 181S, 1592E,  90,  954, TY,  50, NEQ,   35,   45,   50,   35,    0,    0,   0, 110,   0, 
SH, 08, 2005010912,   , BEST,   0, 181S, 1592E,  90,  954, TY,  64, NEQ,   25,   25,   30,   25,    0,    0,   0, 110,   0, 
SH, 08, 2005010918,   , BEST,   0, 182S, 1590E,  90,  954, TY,  34, NEQ,   90,  110,   95,   90, 1002,  140,  10,   0,  25, 
SH, 08, 2005010918,   , BEST,   0, 182S, 1590E,  90,  954, TY,  50, NEQ,   35,   45,   50,   35, 1002,  140,  10,   0,  25, 
SH, 08, 2005010918,   , BEST,   0, 182S, 1590E,  90,  954, TY,  64, NEQ,   25,   25,   30,   25, 1002,  140,  10,   0,  25, 
SH, 08, 2005011000,   , BEST,   0, 184S, 1590E,  90,  954, TY,  34, NEQ,   60,  150,  130,   60,    0,    0,   0, 110,   0, 
SH, 08, 2005011000,   , BEST,   0, 184S, 1590E,  90,  954, TY,  50, NEQ,   35,   50,   50,   35,    0,    0,   0, 110,   0, 
SH, 08, 2005011000,   , BEST,   0, 184S, 1590E,  90,  954, TY,  64, NEQ,   25,   25,   25,   25,    0,    0,   0, 110,   0, 
SH, 08, 2005011006,   , BEST,   0, 186S, 1591E,  90,  954, TY,  34, NEQ,   60,  150,  130,   60, 1002,  140,  10,   0,  15, 
SH, 08, 2005011006,   , BEST,   0, 186S, 1591E,  90,  954, TY,  50, NEQ,   35,   50,   50,   35, 1002,  140,  10,   0,  15, 
SH, 08, 2005011006,   , BEST,   0, 186S, 1591E,  90,  954, TY,  64, NEQ,   25,   25,   25,   25, 1002,  140,  10,   0,  15, 
SH, 08, 2005011012,   , BEST,   0, 188S, 1591E,  90,  954, TY,  34, NEQ,   60,  100,   90,  110,    0,    0,   0, 110,   0, 
SH, 08, 2005011012,   , BEST,   0, 188S, 1591E,  90,  954, TY,  50, NEQ,   20,   50,   35,   50,    0,    0,   0, 110,   0, 
SH, 08, 2005011012,   , BEST,   0, 188S, 1591E,  90,  954, TY,  64, NEQ,   10,   25,   20,   25,    0,    0,   0, 110,   0, 
SH, 08, 2005011018,   , BEST,   0, 191S, 1591E,  80,  963, TY,  34, NEQ,   55,  120,  120,   55, 1002,  120,  10,   0,   0, 
SH, 08, 2005011018,   , BEST,   0, 191S, 1591E,  80,  963, TY,  50, NEQ,   20,   60,   60,   20, 1002,  120,  10,   0,   0, 
SH, 08, 2005011018,   , BEST,   0, 191S, 1591E,  80,  963, TY,  64, NEQ,   10,   35,   35,   10, 1002,  120,  10,   0,   0, 
SH, 08, 2005011100,   , BEST,   0, 196S, 1593E,  70,  972, TY,  34, NEQ,   55,  110,  110,   55,    0,    0,   0,  75,   0, 
SH, 08, 2005011100,   , BEST,   0, 196S, 1593E,  70,  972, TY,  50, NEQ,   10,   30,   30,   10,    0,    0,   0,  75,   0, 
SH, 08, 2005011106,   , BEST,   0, 200S, 1595E,  55,  984, TS,  34, NEQ,   55,  110,  110,   55, 1002,  120,  15,   0,   0, 
SH, 08, 2005011112,   , BEST,   0, 203S, 1598E,  45,  991, TS,  34, NEQ,   50,  100,  100,   50,    0,    0,   0,  50,   0, 
SH, 08, 2005011118,   , BEST,   0, 206S, 1601E,  35,  997, TS,  34, NEQ,   50,  100,  100,   50, 1002,   80,  60,   0,   0, 
SH, 08, 2005011200,   , BEST,   0, 208S, 1603E,  30, 1000, TD,   0,    ,    0,    0,    0,    0,    0,    0,   0,  45,   0, 
SH, 08, 2005011206,   , BEST,   0, 211S, 1604E,  25, 1002, TD,   0,    ,    0,    0,    0,    0, 
SH, 08, 2005011212,   , BEST,   0, 216S, 1604E,  25, 1002, TD,   0,    ,    0,    0,    0,    0, 
SH, 08, 2005011218,   , BEST,   0, 224S, 1603E,  25, 1002, TD,   0,    ,    0,    0,    0,    0, 
SH, 08, 2005011300,   , BEST,   0, 230S, 1600E,  25, 1002, TD,   0,    ,    0,    0,    0,    0, 
SH, 08, 2005011306,   , BEST,   0, 235S, 1597E,  30, 1000, TD,   0,    ,    0,    0,    0,    0, 
SH, 08, 2005011312,   , BEST,   0, 240S, 1592E,  30, 1000, TD,   0,    ,    0,    0,    0,    0, 
SH, 08, 2005011318,   , BEST,   0, 244S, 1588E,  30, 1000, TD,   0,    ,    0,    0,    0,    0, 
SH, 08, 2005011400,   , BEST,   0, 248S, 1584E,  30, 1000, TD,   0,    ,    0,    0,    0,    0, 
SH, 08, 2005011406,   , BEST,   0, 252S, 1580E,  20, 1004, DB,   0,    ,    0,    0,    0,    0, 
SH, 08, 2005011412,   , BEST,   0, 257S, 1579E,  15, 1006, DB,   0,    ,    0,    0,    0,    0, 
