SH, 01, 2004083106,   , BEST,   0,  38S,  880E,  25, 1002, TD,   0,    ,    0,    0,    0,    0, 
SH, 01, 2004083112,   , BEST,   0,  43S,  886E,  25, 1002, TD,   0,    ,    0,    0,    0,    0, 
SH, 01, 2004083118,   , BEST,   0,  51S,  891E,  25, 1002, TD,   0,    ,    0,    0,    0,    0, 
SH, 01, 2004090100,   , BEST,   0,  55S,  898E,  25, 1002, TD,   0,    ,    0,    0,    0,    0, 
SH, 01, 2004090106,   , BEST,   0,  59S,  905E,  30, 1000, TD,   0,    ,    0,    0,    0,    0, 1007,  120,  40,   0,   0, 
SH, 01, 2004090112,   , BEST,   0,  67S,  907E,  30, 1000, TD,   0,    ,    0,    0,    0,    0, 1007,  120,  40,   0,   0, 
SH, 01, 2004090118,   , BEST,   0,  74S,  906E,  35,  997, TS,   0,    ,    0,    0,    0,    0, 1007,  120,  40,   0,   0, 
SH, 01, 2004090200,   , BEST,   0,  80S,  909E,  35,  997, TS,   0,    ,    0,    0,    0,    0,    0,    0,   0,  45,   0, 
SH, 01, 2004090206,   , BEST,   0,  86S,  913E,  40,  994, TS,  34, NEQ,   60,   60,  100,   70, 1006,  120,  35,   0,   0, 
SH, 01, 2004090212,   , BEST,   0,  92S,  916E,  45,  991, TS,  34, NEQ,   60,   60,  100,   70,    0,    0,   0,  55,   0, 
SH, 01, 2004090218,   , BEST,   0,  92S,  923E,  55,  984, TS,  34, NEQ,   60,   60,  100,   70, 1006,  120,  25,   0,   0, 
SH, 01, 2004090218,   , BEST,   0,  92S,  923E,  55,  984, TS,  50, NEQ,   20,   20,   20,   20, 1006,  120,  25,   0,   0, 
SH, 01, 2004090300,   , BEST,   0,  92S,  928E,  55,  984, TS,  34, NEQ,   60,   60,  100,   70, 
SH, 01, 2004090300,   , BEST,   0,  92S,  928E,  55,  984, TS,  50, NEQ,   20,   20,   20,   20, 
SH, 01, 2004090306,   , BEST,   0,  96S,  930E,  45,  991, TS,  34, NEQ,   50,   50,   80,   60, 1006,  120,  45,   0,   0, 
SH, 01, 2004090312,   , BEST,   0,  98S,  928E,  40,  994, TS,  34, NEQ,   50,   50,   80,   60,    0,    0,   0,  45,   0, 
SH, 01, 2004090318,   , BEST,   0,  96S,  926E,  40,  994, TS,  34, NEQ,   50,   50,   80,   60, 
SH, 01, 2004090400,   , BEST,   0,  96S,  929E,  35,  997, TS,  34, NEQ,   50,   50,   80,   60,    0,    0,   0,  45,   0, 
SH, 01, 2004090406,   , BEST,   0,  98S,  931E,  35,  997, TS,  34, NEQ,   50,   50,   80,   60, 
SH, 01, 2004090412,   , BEST,   0, 100S,  929E,  30, 1000, TD,   0,    ,    0,    0,    0,    0,    0,    0,   0,  40,   0, 
