SH, 03, 2004110706,   , BEST,   0,  68S,  827E,  25, 1002, TD,   0,    ,    0,    0,    0,    0, 
SH, 03, 2004110712,   , BEST,   0,  79S,  818E,  25, 1002, TD,   0,    ,    0,    0,    0,    0, 
SH, 03, 2004110718,   , BEST,   0,  88S,  810E,  30, 1000, TD,   0,    ,    0,    0,    0,    0, 1006,  120,  40,   0,   0, 
SH, 03, 2004110800,   , BEST,   0,  94S,  799E,  30, 1000, TD,   0,    ,    0,    0,    0,    0, 1006,  120,  40,   0,   0, 
SH, 03, 2004110806,   , BEST,   0,  99S,  791E,  35,  997, TS,   0,    ,    0,    0,    0,    0,    0,    0,   0,  45,   0, 
SH, 03, 2004110812,   , BEST,   0, 103S,  785E,  45,  991, TS,  34, NEQ,   30,   40,   40,   30, 1006,  120,  30,   0,   0, 
SH, 03, 2004110818,   , BEST,   0, 107S,  779E,  55,  984, TS,  34, NEQ,   60,   70,   90,   60,    0,    0,   0,  55,   0, 
SH, 03, 2004110900,   , BEST,   0, 109S,  772E,  65,  976, TY,  34, NEQ,   60,   90,  100,   70,    0,    0,   0,  90,   0, 
SH, 03, 2004110900,   , BEST,   0, 109S,  772E,  65,  976, TY,  50, NEQ,   30,   40,   40,   30,    0,    0,   0,  90,   0, 
SH, 03, 2004110900,   , BEST,   0, 109S,  772E,  65,  976, TY,  64, NEQ,   20,   20,   20,   20,    0,    0,   0,  90,   0, 
SH, 03, 2004110906,   , BEST,   0, 110S,  766E,  60,  980, TS,  34, NEQ,   40,   60,   60,   40,    0,    0,   0,  80,   0, 
SH, 03, 2004110906,   , BEST,   0, 110S,  766E,  60,  980, TS,  50, NEQ,   20,   40,   40,   20,    0,    0,   0,  80,   0, 
SH, 03, 2004110912,   , BEST,   0, 108S,  760E,  60,  980, TS,  34, NEQ,   40,   60,   60,   40, 1001,  120,  20,   0,   0, 
SH, 03, 2004110912,   , BEST,   0, 108S,  760E,  60,  980, TS,  50, NEQ,   20,   40,   40,   20, 1001,  120,  20,   0,   0, 
SH, 03, 2004110918,   , BEST,   0, 107S,  756E,  60,  980, TS,  34, NEQ,   60,   80,   80,   60,    0,    0,   0,  80,   0, 
SH, 03, 2004110918,   , BEST,   0, 107S,  756E,  60,  980, TS,  50, NEQ,   20,   30,   30,   20,    0,    0,   0,  80,   0, 
SH, 03, 2004111000,   , BEST,   0, 107S,  753E,  60,  980, TS,  34, NEQ,   65,   85,   85,   65, 1002,  120,  15,   0,   0, 
SH, 03, 2004111000,   , BEST,   0, 107S,  753E,  60,  980, TS,  50, NEQ,   20,   25,   20,   25, 1002,  120,  15,   0,   0, 
SH, 03, 2004111006,   , BEST,   0, 108S,  750E,  60,  980, TS,  34, NEQ,   60,   85,   85,   60,    0,    0,   0,  80,   0, 
SH, 03, 2004111006,   , BEST,   0, 108S,  750E,  60,  980, TS,  50, NEQ,   20,   25,   25,   20,    0,    0,   0,  80,   0, 
SH, 03, 2004111012,   , BEST,   0, 109S,  747E,  55,  984, TS,  34, NEQ,   50,   80,   75,   20, 1006,  120,  20,   0,   0, 
SH, 03, 2004111012,   , BEST,   0, 109S,  747E,  55,  984, TS,  50, NEQ,   15,   20,   20,    0, 1006,  120,  20,   0,   0, 
SH, 03, 2004111018,   , BEST,   0, 110S,  745E,  55,  984, TS,  34, NEQ,   50,   70,   70,   40,    0,    0,   0,  70,   0, 
SH, 03, 2004111018,   , BEST,   0, 110S,  745E,  55,  984, TS,  50, NEQ,   15,   20,   20,   15,    0,    0,   0,  70,   0, 
SH, 03, 2004111100,   , BEST,   0, 111S,  743E,  55,  984, TS,  34, NEQ,   50,   65,   65,   45, 1006,  120,  20,   0,   0, 
SH, 03, 2004111100,   , BEST,   0, 111S,  743E,  55,  984, TS,  50, NEQ,   20,   20,   20,   20, 1006,  120,  20,   0,   0, 
SH, 03, 2004111106,   , BEST,   0, 113S,  742E,  50,  987, TS,  34, NEQ,   55,   70,   70,   45,    0,    0,   0,  70,   0, 
SH, 03, 2004111106,   , BEST,   0, 113S,  742E,  50,  987, TS,  50, NEQ,   20,   20,   20,   20,    0,    0,   0,  70,   0, 
SH, 03, 2004111112,   , BEST,   0, 116S,  740E,  50,  987, TS,  34, NEQ,   55,   70,   70,   45, 1006,  120,  20,   0,   0, 
SH, 03, 2004111118,   , BEST,   0, 120S,  737E,  45,  991, TS,  34, NEQ,   50,   65,   65,   45,    0,    0,   0,  55,   0, 
SH, 03, 2004111200,   , BEST,   0, 123S,  734E,  45,  991, TS,  34, NEQ,   50,   65,   65,   45, 1008,  120,  25,   0,   0, 
SH, 03, 2004111206,   , BEST,   0, 125S,  730E,  40,  994, TS,  34, NEQ,   50,   65,   40,   40,    0,    0,   0,  50,   0, 
SH, 03, 2004111212,   , BEST,   0, 126S,  724E,  35,  997, TS,  34, NEQ,   50,   65,   40,   40, 1008,  120,  40,   0,   0, 
SH, 03, 2004111218,   , BEST,   0, 128S,  716E,  35,  997, TS,  34, NEQ,   50,   65,   40,   40,    0,    0,   0,  45,   0, 
SH, 03, 2004111300,   , BEST,   0, 130S,  707E,  30, 1000, TD,   0,    ,    0,    0,    0,    0, 1008,  100,  45,   0,   0, 
SH, 03, 2004111306,   , BEST,   0, 131S,  697E,  25, 1002, TD,   0,    ,    0,    0,    0,    0,    0,    0,   0,  35,   0, 
SH, 03, 2004111312,   , BEST,   0, 131S,  689E,  25, 1002, TD,   0,    ,    0,    0,    0,    0, 
SH, 03, 2004111318,   , BEST,   0, 130S,  682E,  25, 1002, TD,   0,    ,    0,    0,    0,    0, 
SH, 03, 2004111400,   , BEST,   0, 131S,  674E,  25, 1002, TD,   0,    ,    0,    0,    0,    0, 
SH, 03, 2004111406,   , BEST,   0, 133S,  667E,  25, 1002, TD,   0,    ,    0,    0,    0,    0, 
SH, 03, 2004111412,   , BEST,   0, 135S,  662E,  25, 1002, TD,   0,    ,    0,    0,    0,    0, 
SH, 03, 2004111418,   , BEST,   0, 136S,  656E,  20, 1004, DB,   0,    ,    0,    0,    0,    0, 
SH, 03, 2004111500,   , BEST,   0, 137S,  650E,  20, 1004, DB,   0,    ,    0,    0,    0,    0, 
