SH, 07, 2004123006,   , BEST,   0, 136S, 1205E,  15, 1006, DB,   0,    ,    0,    0,    0,    0, 
SH, 07, 2004123012,   , BEST,   0, 139S, 1205E,  20, 1004, DB,   0,    ,    0,    0,    0,    0, 
SH, 07, 2004123018,   , BEST,   0, 144S, 1206E,  25, 1002, TD,   0,    ,    0,    0,    0,    0, 
SH, 07, 2004123100,   , BEST,   0, 148S, 1206E,  25, 1002, TD,   0,    ,    0,    0,    0,    0, 
SH, 07, 2004123106,   , BEST,   0, 150S, 1207E,  25, 1002, TD,   0,    ,    0,    0,    0,    0, 
SH, 07, 2004123112,   , BEST,   0, 151S, 1209E,  30, 1000, TD,   0,    ,    0,    0,    0,    0, 1003,   80,  55,   0,   0, 
SH, 07, 2004123118,   , BEST,   0, 150S, 1212E,  35,  997, TS,   0,    ,    0,    0,    0,    0,    0,    0,   0,  45,   0, 
SH, 07, 2005010100,   , BEST,   0, 147S, 1214E,  35,  997, TS,   0,    ,    0,    0,    0,    0, 1003,  120,  45,   0,   0, 
SH, 07, 2005010106,   , BEST,   0, 144S, 1217E,  35,  997, TS,   0,    ,    0,    0,    0,    0,    0,    0,   0,  45,   0, 
SH, 07, 2005010112,   , BEST,   0, 142S, 1222E,  35,  997, TS,   0,    ,    0,    0,    0,    0, 1003,  120,  45,   0,   0, 
SH, 07, 2005010118,   , BEST,   0, 142S, 1226E,  35,  997, TS,   0,    ,    0,    0,    0,    0,    0,    0,   0,  45,   0, 
SH, 07, 2005010200,   , BEST,   0, 142S, 1231E,  45,  991, TS,   0,    ,    0,    0,    0,    0, 
SH, 07, 2005010206,   , BEST,   0, 144S, 1237E,  50,  987, TS,  34, NEQ,   50,   50,   50,   50,    0,    0,   0,  65,   0, 
SH, 07, 2005010212,   , BEST,   0, 147S, 1243E,  50,  987, TS,  34, NEQ,   50,   50,   50,   50, 1003,  120,  25,   0,   0, 
SH, 07, 2005010218,   , BEST,   0, 152S, 1247E,  45,  991, TS,  34, NEQ,   40,   40,   40,   40,    0,    0,   0,  55,   0, 
SH, 07, 2005010300,   , BEST,   0, 160S, 1255E,  40,  994, TS,  34, NEQ,   40,   40,   40,   40, 
SH, 07, 2005010306,   , BEST,   0, 170S, 1265E,  30, 1000, TD,   0,    ,    0,    0,    0,    0,    0,    0,   0,  40,   0, 
