SH, 05, 2004120306,   , BEST,   0,  90S, 1128E,  15, 1006, DB,   0,    ,    0,    0,    0,    0, 
SH, 05, 2004120312,   , BEST,   0,  97S, 1119E,  20, 1004, DB,   0,    ,    0,    0,    0,    0, 1008,  120,  35,   0,   0, 
SH, 05, 2004120318,   , BEST,   0, 102S, 1110E,  25, 1002, TD,   0,    ,    0,    0,    0,    0, 1008,  120,  50,   0,   0, 
SH, 05, 2004120400,   , BEST,   0, 107S, 1102E,  30, 1000, TD,   0,    ,    0,    0,    0,    0, 1008,  120,  45,   0,   0, 
SH, 05, 2004120406,   , BEST,   0, 113S, 1095E,  35,  997, TS,   0,    ,    0,    0,    0,    0,    0,    0,   0,  45,   0, 
SH, 05, 2004120412,   , BEST,   0, 119S, 1089E,  35,  997, TS,   0,    ,    0,    0,    0,    0, 1008,  120,  45,   0,   0, 
SH, 05, 2004120418,   , BEST,   0, 123S, 1084E,  35,  997, TS,   0,    ,    0,    0,    0,    0,    0,    0,   0,  45,   0, 
SH, 05, 2004120500,   , BEST,   0, 126S, 1079E,  35,  997, TS,   0,    ,    0,    0,    0,    0, 1008,  120,  45,   0,   0, 
SH, 05, 2004120506,   , BEST,   0, 128S, 1074E,  35,  997, TS,   0,    ,    0,    0,    0,    0,    0,    0,   0,  45,   0, 
SH, 05, 2004120512,   , BEST,   0, 131S, 1069E,  30, 1000, TD,   0,    ,    0,    0,    0,    0, 1008,  120,  45,   0,   0, 
SH, 05, 2004120518,   , BEST,   0, 135S, 1062E,  25, 1002, TD,   0,    ,    0,    0,    0,    0,    0,    0,   0,  35,   0, 
SH, 05, 2004120600,   , BEST,   0, 138S, 1055E,  20, 1004, DB,   0,    ,    0,    0,    0,    0, 
SH, 05, 2004120606,   , BEST,   0, 143S, 1046E,  20, 1004, DB,   0,    ,    0,    0,    0,    0, 
