SH, 04, 2004111918,   , BEST,   0,  74S,  778E,  15, 1006, DB,   0,    ,    0,    0,    0,    0, 
SH, 04, 2004112000,   , BEST,   0,  75S,  776E,  20, 1004, DB,   0,    ,    0,    0,    0,    0, 
SH, 04, 2004112006,   , BEST,   0,  77S,  775E,  25, 1002, TD,   0,    ,    0,    0,    0,    0, 1006,  110,  40,   0,   0, 
SH, 04, 2004112012,   , BEST,   0,  79S,  776E,  25, 1002, TD,   0,    ,    0,    0,    0,    0, 1006,  110,  40,   0,   0, 
SH, 04, 2004112018,   , BEST,   0,  80S,  779E,  25, 1002, TD,   0,    ,    0,    0,    0,    0, 1006,  110,  40,   0,   0, 
SH, 04, 2004112100,   , BEST,   0,  81S,  782E,  30, 1000, TD,   0,    ,    0,    0,    0,    0, 1006,  110,  40,   0,   0, 
SH, 04, 2004112106,   , BEST,   0,  82S,  784E,  35,  997, TS,   0,    ,    0,    0,    0,    0, 
SH, 04, 2004112112,   , BEST,   0,  83S,  785E,  45,  991, TS,  34, NEQ,   40,   65,   65,   40,    0,    0,   0,  55,   0, 
SH, 04, 2004112118,   , BEST,   0,  84S,  785E,  55,  984, TS,  34, NEQ,   40,   65,   65,   40,    0,    0,   0,  70,   0, 
SH, 04, 2004112118,   , BEST,   0,  84S,  785E,  55,  984, TS,  50, NEQ,   20,   20,   20,   20,    0,    0,   0,  70,   0, 
SH, 04, 2004112200,   , BEST,   0,  85S,  784E,  55,  984, TS,  34, NEQ,   50,   70,   65,   50,    0,    0,   0,  70,   0, 
SH, 04, 2004112200,   , BEST,   0,  85S,  784E,  55,  984, TS,  50, NEQ,   20,   20,   20,   20,    0,    0,   0,  70,   0, 
SH, 04, 2004112206,   , BEST,   0,  87S,  779E,  65,  976, TY,  34, NEQ,   80,   90,   90,   80,    0,    0,   0,  80,   0, 
SH, 04, 2004112206,   , BEST,   0,  87S,  779E,  65,  976, TY,  50, NEQ,   25,   25,   25,   25,    0,    0,   0,  80,   0, 
SH, 04, 2004112212,   , BEST,   0,  85S,  772E,  80,  963, TY,  34, NEQ,   80,   90,   90,   80,    0,    0,   0,  90,   0, 
SH, 04, 2004112212,   , BEST,   0,  85S,  772E,  80,  963, TY,  50, NEQ,   30,   30,   30,   30,    0,    0,   0,  90,   0, 
SH, 04, 2004112212,   , BEST,   0,  85S,  772E,  80,  963, TY,  64, NEQ,   15,   15,   15,   15,    0,    0,   0,  90,   0, 
SH, 04, 2004112218,   , BEST,   0,  83S,  767E, 100,  944, TY,  34, NEQ,   90,  100,  100,   90,    0,    0,   0, 130,   0, 
SH, 04, 2004112218,   , BEST,   0,  83S,  767E, 100,  944, TY,  50, NEQ,   40,   40,   40,   40,    0,    0,   0, 130,   0, 
SH, 04, 2004112218,   , BEST,   0,  83S,  767E, 100,  944, TY,  64, NEQ,   25,   25,   25,   25,    0,    0,   0, 130,   0, 
SH, 04, 2004112300,   , BEST,   0,  82S,  762E, 120,  922, TY,  34, NEQ,  120,  140,  100,  100,    0,    0,   0, 145,   0, 
SH, 04, 2004112300,   , BEST,   0,  82S,  762E, 120,  922, TY,  50, NEQ,   55,   55,   55,   55,    0,    0,   0, 145,   0, 
SH, 04, 2004112300,   , BEST,   0,  82S,  762E, 120,  922, TY,  64, NEQ,   35,   35,   35,   35,    0,    0,   0, 145,   0, 
SH, 04, 2004112306,   , BEST,   0,  82S,  758E, 125,  916, TY,  34, NEQ,   90,  135,   90,  120,    0,    0,   0, 150,   0, 
SH, 04, 2004112306,   , BEST,   0,  82S,  758E, 125,  916, TY,  50, NEQ,   50,   50,   50,   50,    0,    0,   0, 150,   0, 
SH, 04, 2004112306,   , BEST,   0,  82S,  758E, 125,  916, TY,  64, NEQ,   35,   35,   35,   35,    0,    0,   0, 150,   0, 
SH, 04, 2004112312,   , BEST,   0,  83S,  752E, 130,  910, ST,  34, NEQ,  100,  100,  115,  110, 1005,  140,  10,   0,  10, 
SH, 04, 2004112312,   , BEST,   0,  83S,  752E, 130,  910, ST,  50, NEQ,   45,   45,   50,   50, 1005,  140,  10,   0,  10, 
SH, 04, 2004112312,   , BEST,   0,  83S,  752E, 130,  910, ST,  64, NEQ,   30,   30,   35,   35, 1005,  140,  10,   0,  10, 
SH, 04, 2004112318,   , BEST,   0,  85S,  747E, 140,  898, ST,  34, NEQ,  100,  100,  115,  110,    0,    0,   0, 170,   0, 
SH, 04, 2004112318,   , BEST,   0,  85S,  747E, 140,  898, ST,  50, NEQ,   45,   45,   50,   50,    0,    0,   0, 170,   0, 
SH, 04, 2004112318,   , BEST,   0,  85S,  747E, 140,  898, ST,  64, NEQ,   30,   30,   35,   35,    0,    0,   0, 170,   0, 
SH, 04, 2004112400,   , BEST,   0,  88S,  742E, 140,  898, ST,  34, NEQ,   90,   70,   90,   75,    0,    0,   0, 145,   0, 
SH, 04, 2004112400,   , BEST,   0,  88S,  742E, 140,  898, ST,  50, NEQ,   35,   30,   35,   30,    0,    0,   0, 145,   0, 
SH, 04, 2004112400,   , BEST,   0,  88S,  742E, 140,  898, ST,  64, NEQ,   25,   20,   25,   20,    0,    0,   0, 145,   0, 
SH, 04, 2004112406,   , BEST,   0,  91S,  738E, 140,  898, ST,  34, NEQ,   90,  110,   90,   90,    0,    0,   0, 170,   0, 
SH, 04, 2004112406,   , BEST,   0,  91S,  738E, 140,  898, ST,  50, NEQ,   35,   45,   35,   35,    0,    0,   0, 170,   0, 
SH, 04, 2004112406,   , BEST,   0,  91S,  738E, 140,  898, ST,  64, NEQ,   25,   30,   25,   25,    0,    0,   0, 170,   0, 
SH, 04, 2004112412,   , BEST,   0,  95S,  734E, 130,  910, ST,  34, NEQ,   80,   80,   80,  100, 1004,  140,  10,   0,  15, 
SH, 04, 2004112412,   , BEST,   0,  95S,  734E, 130,  910, ST,  50, NEQ,   30,   30,   30,   35, 1004,  140,  10,   0,  15, 
SH, 04, 2004112412,   , BEST,   0,  95S,  734E, 130,  910, ST,  64, NEQ,   20,   20,   20,   25, 1004,  140,  10,   0,  15, 
SH, 04, 2004112418,   , BEST,   0,  99S,  733E, 120,  922, TY,  34, NEQ,   80,   90,   90,   80,    0,    0,   0, 145,   0, 
SH, 04, 2004112418,   , BEST,   0,  99S,  733E, 120,  922, TY,  50, NEQ,   30,   35,   35,   30,    0,    0,   0, 145,   0, 
SH, 04, 2004112418,   , BEST,   0,  99S,  733E, 120,  922, TY,  64, NEQ,   20,   25,   25,   20,    0,    0,   0, 145,   0, 
SH, 04, 2004112500,   , BEST,   0, 102S,  733E, 110,  933, TY,  34, NEQ,   70,   90,   90,   80, 1004,  140,  10,   0,  15, 
SH, 04, 2004112500,   , BEST,   0, 102S,  733E, 110,  933, TY,  50, NEQ,   25,   35,   35,   30, 1004,  140,  10,   0,  15, 
SH, 04, 2004112500,   , BEST,   0, 102S,  733E, 110,  933, TY,  64, NEQ,   20,   25,   25,   20, 1004,  140,  10,   0,  15, 
SH, 04, 2004112506,   , BEST,   0, 108S,  734E, 100,  944, TY,  34, NEQ,   80,   90,   90,   80,    0,    0,   0, 125,   0, 
SH, 04, 2004112506,   , BEST,   0, 108S,  734E, 100,  944, TY,  50, NEQ,   30,   35,   35,   30,    0,    0,   0, 125,   0, 
SH, 04, 2004112506,   , BEST,   0, 108S,  734E, 100,  944, TY,  64, NEQ,   20,   25,   25,   20,    0,    0,   0, 125,   0, 
SH, 04, 2004112512,   , BEST,   0, 113S,  736E,  90,  954, TY,  34, NEQ,   75,   85,   85,   75, 1006,  130,  10,   0,   0, 
SH, 04, 2004112512,   , BEST,   0, 113S,  736E,  90,  954, TY,  50, NEQ,   30,   35,   35,   30, 1006,  130,  10,   0,   0, 
SH, 04, 2004112512,   , BEST,   0, 113S,  736E,  90,  954, TY,  64, NEQ,   20,   25,   25,   20, 1006,  130,  10,   0,   0, 
SH, 04, 2004112518,   , BEST,   0, 119S,  738E,  80,  963, TY,  34, NEQ,   70,   95,   95,   70,    0,    0,   0, 100,   0, 
SH, 04, 2004112518,   , BEST,   0, 119S,  738E,  80,  963, TY,  50, NEQ,   30,   35,   35,   30,    0,    0,   0, 100,   0, 
SH, 04, 2004112518,   , BEST,   0, 119S,  738E,  80,  963, TY,  64, NEQ,   20,   25,   25,   20,    0,    0,   0, 100,   0, 
SH, 04, 2004112600,   , BEST,   0, 124S,  740E,  75,  967, TY,  34, NEQ,   70,   95,   95,   70, 1006,  130,  20,   0,   0, 
SH, 04, 2004112600,   , BEST,   0, 124S,  740E,  75,  967, TY,  50, NEQ,   30,   35,   35,   30, 1006,  130,  20,   0,   0, 
SH, 04, 2004112600,   , BEST,   0, 124S,  740E,  75,  967, TY,  64, NEQ,   20,   25,   25,   20, 1006,  130,  20,   0,   0, 
SH, 04, 2004112606,   , BEST,   0, 131S,  743E,  65,  976, TY,  34, NEQ,  100,  100,   95,   70,    0,    0,   0,  80,   0, 
SH, 04, 2004112606,   , BEST,   0, 131S,  743E,  65,  976, TY,  50, NEQ,   30,   35,   30,   30,    0,    0,   0,  80,   0, 
SH, 04, 2004112612,   , BEST,   0, 136S,  747E,  65,  976, TY,  34, NEQ,  100,  100,   95,   70, 1006,  120,  20,   0,   0, 
SH, 04, 2004112612,   , BEST,   0, 136S,  747E,  65,  976, TY,  50, NEQ,   30,   35,   30,   30, 1006,  120,  20,   0,   0, 
SH, 04, 2004112618,   , BEST,   0, 141S,  750E,  65,  976, TY,  34, NEQ,  100,  100,   95,   70,    0,    0,   0,  80,   0, 
SH, 04, 2004112618,   , BEST,   0, 141S,  750E,  65,  976, TY,  50, NEQ,   30,   35,   30,   30,    0,    0,   0,  80,   0, 
SH, 04, 2004112700,   , BEST,   0, 145S,  754E,  65,  976, TY,  34, NEQ,   80,   85,   95,  110, 1006,  120,  15,   0,   0, 
SH, 04, 2004112700,   , BEST,   0, 145S,  754E,  65,  976, TY,  50, NEQ,   30,   30,   35,   35, 1006,  120,  15,   0,   0, 
SH, 04, 2004112706,   , BEST,   0, 149S,  759E,  65,  976, TY,  34, NEQ,  100,  120,  110,   90,    0,    0,   0,  80,   0, 
SH, 04, 2004112706,   , BEST,   0, 149S,  759E,  65,  976, TY,  50, NEQ,   30,   50,   40,   20,    0,    0,   0,  80,   0, 
SH, 04, 2004112712,   , BEST,   0, 153S,  764E,  60,  980, TS,  34, NEQ,   50,  130,  100,   40, 1006,  130,  25,   0,   0, 
SH, 04, 2004112712,   , BEST,   0, 153S,  764E,  60,  980, TS,  50, NEQ,   20,   55,   45,   15, 1006,  130,  25,   0,   0, 
SH, 04, 2004112718,   , BEST,   0, 156S,  769E,  60,  980, TS,  34, NEQ,   40,  130,   80,   30,    0,    0,   0,  75,   0, 
SH, 04, 2004112718,   , BEST,   0, 156S,  769E,  60,  980, TS,  50, NEQ,   15,   55,   40,   10,    0,    0,   0,  75,   0, 
SH, 04, 2004112800,   , BEST,   0, 158S,  772E,  55,  984, TS,  34, NEQ,  100,   80,   90,   30, 1008,  120,  20,   0,   0, 
SH, 04, 2004112800,   , BEST,   0, 158S,  772E,  55,  984, TS,  50, NEQ,   20,   20,   20,   20, 1008,  120,  20,   0,   0, 
SH, 04, 2004112806,   , BEST,   0, 160S,  773E,  55,  984, TS,  34, NEQ,   90,  130,  110,   90,    0,    0,   0,  70,   0, 
SH, 04, 2004112806,   , BEST,   0, 160S,  773E,  55,  984, TS,  50, NEQ,   20,   25,   20,   20,    0,    0,   0,  70,   0, 
SH, 04, 2004112812,   , BEST,   0, 162S,  772E,  35,  997, TS,  34, NEQ,   90,  130,  110,   90, 1009,  120,  40,   0,   0, 
SH, 04, 2004112818,   , BEST,   0, 163S,  768E,  35,  997, TS,  34, NEQ,   90,  130,  110,   90,    0,    0,   0,  45,   0, 
SH, 04, 2004112900,   , BEST,   0, 164S,  764E,  35,  997, TS,  34, NEQ,   90,  130,  110,   90, 1004,  100,  40,   0,   0, 
SH, 04, 2004112906,   , BEST,   0, 165S,  758E,  30, 1000, TD,   0,    ,    0,    0,    0,    0,    0,    0,   0,  40,   0, 
SH, 04, 2004112912,   , BEST,   0, 166S,  751E,  30, 1000, TD,   0,    ,    0,    0,    0,    0, 
SH, 04, 2004112918,   , BEST,   0, 168S,  742E,  30, 1000, TD,   0,    ,    0,    0,    0,    0, 
SH, 04, 2004113000,   , BEST,   0, 170S,  734E,  30, 1000, TD,   0,    ,    0,    0,    0,    0, 
SH, 04, 2004113006,   , BEST,   0, 173S,  727E,  30, 1000, TD,   0,    ,    0,    0,    0,    0, 
SH, 04, 2004113012,   , BEST,   0, 175S,  717E,  30, 1000, TD,   0,    ,    0,    0,    0,    0, 
SH, 04, 2004113018,   , BEST,   0, 176S,  708E,  30, 1000, TD,   0,    ,    0,    0,    0,    0, 
SH, 04, 2004120100,   , BEST,   0, 180S,  698E,  30, 1000, TD,   0,    ,    0,    0,    0,    0, 
SH, 04, 2004120106,   , BEST,   0, 181S,  689E,  30, 1000, TD,   0,    ,    0,    0,    0,    0, 
SH, 04, 2004120112,   , BEST,   0, 179S,  679E,  30, 1000, TD,   0,    ,    0,    0,    0,    0, 
SH, 04, 2004120118,   , BEST,   0, 178S,  669E,  30, 1000, TD,   0,    ,    0,    0,    0,    0, 
SH, 04, 2004120200,   , BEST,   0, 177S,  658E,  30, 1000, TD,   0,    ,    0,    0,    0,    0, 
SH, 04, 2004120206,   , BEST,   0, 176S,  643E,  30, 1000, TD,   0,    ,    0,    0,    0,    0, 
SH, 04, 2004120212,   , BEST,   0, 175S,  627E,  30, 1000, TD,   0,    ,    0,    0,    0,    0, 
SH, 04, 2004120218,   , BEST,   0, 175S,  610E,  30, 1000, TD,   0,    ,    0,    0,    0,    0, 
SH, 04, 2004120300,   , BEST,   0, 173S,  594E,  30, 1000, TD,   0,    ,    0,    0,    0,    0, 
SH, 04, 2004120306,   , BEST,   0, 172S,  577E,  30, 1000, TD,   0,    ,    0,    0,    0,    0, 
SH, 04, 2004120312,   , BEST,   0, 169S,  563E,  30, 1000, TD,   0,    ,    0,    0,    0,    0, 
SH, 04, 2004120318,   , BEST,   0, 169S,  547E,  30, 1000, TD,   0,    ,    0,    0,    0,    0, 
SH, 04, 2004120400,   , BEST,   0, 169S,  529E,  30, 1000, TD,   0,    ,    0,    0,    0,    0, 
