SH, 06, 2004122112,   , BEST,   0,  59S,  946E,  15, 1006, DB,   0,    ,    0,    0,    0,    0, 
SH, 06, 2004122118,   , BEST,   0,  64S,  936E,  15, 1006, DB,   0,    ,    0,    0,    0,    0, 
SH, 06, 2004122200,   , BEST,   0,  67S,  926E,  15, 1006, DB,   0,    ,    0,    0,    0,    0, 
SH, 06, 2004122206,   , BEST,   0,  74S,  915E,  15, 1006, DB,   0,    ,    0,    0,    0,    0, 
SH, 06, 2004122212,   , BEST,   0,  77S,  902E,  20, 1004, DB,   0,    ,    0,    0,    0,    0, 1006,  120,  55,   0,   0, 
SH, 06, 2004122218,   , BEST,   0,  79S,  886E,  25, 1002, TD,   0,    ,    0,    0,    0,    0, 1006,  120,  55,   0,   0, 
SH, 06, 2004122300,   , BEST,   0,  79S,  876E,  30, 1000, TD,   0,    ,    0,    0,    0,    0, 1006,  120,  50,   0,   0, 
SH, 06, 2004122306,   , BEST,   0,  81S,  869E,  30, 1000, TD,   0,    ,    0,    0,    0,    0, 1006,  120,  50,   0,   0, 
SH, 06, 2004122312,   , BEST,   0,  88S,  865E,  30, 1000, TD,   0,    ,    0,    0,    0,    0, 1006,  120,  50,   0,   0, 
SH, 06, 2004122318,   , BEST,   0,  96S,  861E,  35,  997, TS,   0,    ,    0,    0,    0,    0,    0,    0,   0,  45,   0, 
SH, 06, 2004122400,   , BEST,   0, 101S,  855E,  35,  997, TS,   0,    ,    0,    0,    0,    0, 1006,  120,  45,   0,   0, 
SH, 06, 2004122406,   , BEST,   0, 107S,  846E,  45,  991, TS,  34, NEQ,   55,   65,   55,   70,    0,    0,   0,  55,   0, 
SH, 06, 2004122412,   , BEST,   0, 114S,  839E,  55,  984, TS,  34, NEQ,   55,   65,   55,   70, 1006,  120,  25,   0,   0, 
SH, 06, 2004122418,   , BEST,   0, 116S,  832E,  55,  984, TS,  34, NEQ,   60,   70,   60,   60,    0,    0,   0,  70,   0, 
SH, 06, 2004122418,   , BEST,   0, 116S,  832E,  55,  984, TS,  50, NEQ,   20,   20,   20,   20,    0,    0,   0,  70,   0, 
SH, 06, 2004122500,   , BEST,   0, 123S,  825E,  65,  976, TY,  34, NEQ,   65,   70,   60,   60, 1006,  120,  10,   0,   0, 
SH, 06, 2004122500,   , BEST,   0, 123S,  825E,  65,  976, TY,  50, NEQ,   20,   20,   20,   20, 1006,  120,  10,   0,   0, 
SH, 06, 2004122506,   , BEST,   0, 129S,  819E,  75,  967, TY,  34, NEQ,   60,   70,   70,   60,    0,    0,   0,  90,   0, 
SH, 06, 2004122506,   , BEST,   0, 129S,  819E,  75,  967, TY,  50, NEQ,   25,   30,   30,   25,    0,    0,   0,  90,   0, 
SH, 06, 2004122506,   , BEST,   0, 129S,  819E,  75,  967, TY,  64, NEQ,   15,   15,   15,   15,    0,    0,   0,  90,   0, 
SH, 06, 2004122512,   , BEST,   0, 137S,  813E,  90,  954, TY,  34, NEQ,   80,  100,   95,   80, 1003,  120,  10,   0,   0, 
SH, 06, 2004122512,   , BEST,   0, 137S,  813E,  90,  954, TY,  50, NEQ,   35,   45,   40,   35, 1003,  120,  10,   0,   0, 
SH, 06, 2004122512,   , BEST,   0, 137S,  813E,  90,  954, TY,  64, NEQ,   25,   30,   30,   25, 1003,  120,  10,   0,   0, 
SH, 06, 2004122518,   , BEST,   0, 144S,  806E,  90,  954, TY,  34, NEQ,   80,  100,   95,   80,    0,    0,   0, 110,   0, 
SH, 06, 2004122518,   , BEST,   0, 144S,  806E,  90,  954, TY,  50, NEQ,   35,   45,   40,   35,    0,    0,   0, 110,   0, 
SH, 06, 2004122518,   , BEST,   0, 144S,  806E,  90,  954, TY,  64, NEQ,   25,   30,   30,   25,    0,    0,   0, 110,   0, 
SH, 06, 2004122600,   , BEST,   0, 151S,  801E,  90,  954, TY,  34, NEQ,   80,  100,   95,   80, 1003,  120,  10,   0,   0, 
SH, 06, 2004122600,   , BEST,   0, 151S,  801E,  90,  954, TY,  50, NEQ,   35,   45,   40,   35, 1003,  120,  10,   0,   0, 
SH, 06, 2004122600,   , BEST,   0, 151S,  801E,  90,  954, TY,  64, NEQ,   25,   30,   30,   25, 1003,  120,  10,   0,   0, 
SH, 06, 2004122606,   , BEST,   0, 156S,  798E,  90,  954, TY,  34, NEQ,   55,   65,   90,   70,    0,    0,   0, 110,   0, 
SH, 06, 2004122606,   , BEST,   0, 156S,  798E,  90,  954, TY,  50, NEQ,   30,   30,   40,   40,    0,    0,   0, 110,   0, 
SH, 06, 2004122606,   , BEST,   0, 156S,  798E,  90,  954, TY,  64, NEQ,   20,   20,   25,   25,    0,    0,   0, 110,   0, 
SH, 06, 2004122612,   , BEST,   0, 164S,  796E, 100,  944, TY,  34, NEQ,   60,   70,   70,   60, 1002,  120,  10,   0,  10, 
SH, 06, 2004122612,   , BEST,   0, 164S,  796E, 100,  944, TY,  50, NEQ,   30,   35,   35,   30, 1002,  120,  10,   0,  10, 
SH, 06, 2004122612,   , BEST,   0, 164S,  796E, 100,  944, TY,  64, NEQ,   20,   25,   25,   20, 1002,  120,  10,   0,  10, 
SH, 06, 2004122618,   , BEST,   0, 169S,  791E, 100,  944, TY,  34, NEQ,   70,   75,   80,   70,    0,    0,   0, 115,   0, 
SH, 06, 2004122618,   , BEST,   0, 169S,  791E, 100,  944, TY,  50, NEQ,   30,   35,   35,   30,    0,    0,   0, 115,   0, 
SH, 06, 2004122618,   , BEST,   0, 169S,  791E, 100,  944, TY,  64, NEQ,   20,   25,   25,   20,    0,    0,   0, 115,   0, 
SH, 06, 2004122700,   , BEST,   0, 174S,  789E, 105,  944, TY,  34, NEQ,   70,   75,   80,   70, 1002,  120,  15,   0,  15, 
SH, 06, 2004122700,   , BEST,   0, 174S,  789E, 105,  944, TY,  50, NEQ,   30,   35,   35,   30, 1002,  120,  15,   0,  15, 
SH, 06, 2004122700,   , BEST,   0, 174S,  789E, 105,  944, TY,  64, NEQ,   20,   25,   25,   20, 1002,  120,  15,   0,  15, 
SH, 06, 2004122706,   , BEST,   0, 179S,  783E,  95,  949, TY,  34, NEQ,   90,   70,   90,   90,    0,    0,   0, 115,   0, 
SH, 06, 2004122706,   , BEST,   0, 179S,  783E,  95,  949, TY,  50, NEQ,   45,   40,   40,   45,    0,    0,   0, 115,   0, 
SH, 06, 2004122706,   , BEST,   0, 179S,  783E,  95,  949, TY,  64, NEQ,   30,   25,   25,   30,    0,    0,   0, 115,   0, 
SH, 06, 2004122712,   , BEST,   0, 184S,  779E,  90,  954, TY,  34, NEQ,   50,   60,   70,   60, 1005,  120,  15,   0,   0, 
SH, 06, 2004122712,   , BEST,   0, 184S,  779E,  90,  954, TY,  50, NEQ,   35,   40,   40,   35, 1005,  120,  15,   0,   0, 
SH, 06, 2004122712,   , BEST,   0, 184S,  779E,  90,  954, TY,  64, NEQ,   20,   25,   25,   20, 1005,  120,  15,   0,   0, 
SH, 06, 2004122718,   , BEST,   0, 188S,  774E,  80,  963, TY,  34, NEQ,   50,   60,   70,   60,    0,    0,   0, 100,   0, 
SH, 06, 2004122718,   , BEST,   0, 188S,  774E,  80,  963, TY,  50, NEQ,   35,   40,   40,   35,    0,    0,   0, 100,   0, 
SH, 06, 2004122718,   , BEST,   0, 188S,  774E,  80,  963, TY,  64, NEQ,   20,   25,   25,   20,    0,    0,   0, 100,   0, 
SH, 06, 2004122800,   , BEST,   0, 189S,  763E,  60,  980, TS,  34, NEQ,   50,   50,   50,   50, 1002,  100,  10,   0,   0, 
SH, 06, 2004122800,   , BEST,   0, 189S,  763E,  60,  980, TS,  50, NEQ,   10,   10,   10,   10, 1002,  100,  10,   0,   0, 
SH, 06, 2004122806,   , BEST,   0, 193S,  753E,  45,  991, TS,  34, NEQ,   50,   50,   50,   50,    0,    0,   0,  45,   0, 
SH, 06, 2004122812,   , BEST,   0, 198S,  745E,  40,  994, TS,  34, NEQ,   50,   50,   50,   50, 
SH, 06, 2004122818,   , BEST,   0, 201S,  736E,  35,  997, TS,  34, NEQ,   50,   50,   50,   50, 
SH, 06, 2004122900,   , BEST,   0, 209S,  728E,  30, 1000, TD,   0,    ,    0,    0,    0,    0, 
SH, 06, 2004122906,   , BEST,   0, 214S,  722E,  30, 1000, TD,   0,    ,    0,    0,    0,    0, 
SH, 06, 2004122912,   , BEST,   0, 220S,  715E,  30, 1000, TD,   0,    ,    0,    0,    0,    0, 
SH, 06, 2004122918,   , BEST,   0, 227S,  713E,  30, 1001, SS,   0,    ,    0,    0,    0,    0, 1004,  100,  25,   0,   0, 
SH, 06, 2004123000,   , BEST,   0, 236S,  711E,  30, 1000, SS,   0,    ,    0,    0,    0,    0, 
SH, 06, 2004123006,   , BEST,   0, 241S,  708E,  30, 1000, SS,   0,    ,    0,    0,    0,    0, 
SH, 06, 2004123012,   , BEST,   0, 245S,  706E,  30, 1000, SS,   0,    ,    0,    0,    0,    0, 
SH, 06, 2004123018,   , BEST,   0, 247S,  703E,  30, 1000, SS,   0,    ,    0,    0,    0,    0, 
SH, 06, 2004123100,   , BEST,   0, 248S,  701E,  30, 1000, TD,   0,    ,    0,    0,    0,    0, 
SH, 06, 2004123106,   , BEST,   0, 250S,  699E,  30, 1000, TD,   0,    ,    0,    0,    0,    0, 
SH, 06, 2004123112,   , BEST,   0, 254S,  695E,  30, 1000, TD,   0,    ,    0,    0,    0,    0, 
SH, 06, 2004123118,   , BEST,   0, 258S,  690E,  30, 1000, TD,   0,    ,    0,    0,    0,    0, 
SH, 06, 2005010100,   , BEST,   0, 263S,  682E,  30, 1000, TD,   0,    ,    0,    0,    0,    0, 
SH, 06, 2005010106,   , BEST,   0, 270S,  678E,  30, 1000, TD,   0,    ,    0,    0,    0,    0, 
SH, 06, 2005010112,   , BEST,   0, 280S,  677E,  30, 1000, TD,   0,    ,    0,    0,    0,    0, 
SH, 06, 2005010118,   , BEST,   0, 289S,  678E,  25, 1002, TD,   0,    ,    0,    0,    0,    0, 
