SH, 17, 2005020400,   , BEST,   0, 147S, 1176E,  15, 1006, DB,   0,    ,    0,    0,    0,    0, 
SH, 17, 2005020406,   , BEST,   0, 150S, 1173E,  15, 1006, DB,   0,    ,    0,    0,    0,    0, 
SH, 17, 2005020412,   , BEST,   0, 152S, 1172E,  15, 1006, DB,   0,    ,    0,    0,    0,    0, 
SH, 17, 2005020418,   , BEST,   0, 154S, 1172E,  20, 1002, DB,   0,    ,    0,    0,    0,    0, 1003,  120,  50,   0,   0, 
SH, 17, 2005020500,   , BEST,   0, 155S, 1172E,  25, 1002, TD,   0,    ,    0,    0,    0,    0, 1004,   90,  50,   0,   0, 
SH, 17, 2005020506,   , BEST,   0, 156S, 1171E,  25, 1002, TD,   0,    ,    0,    0,    0,    0, 1004,  120,  45,   0,   0, 
SH, 17, 2005020512,   , BEST,   0, 158S, 1169E,  25, 1002, TD,   0,    ,    0,    0,    0,    0, 1004,  120,  45,   0,   0, 
SH, 17, 2005020518,   , BEST,   0, 159S, 1166E,  30, 1000, TD,   0,    ,    0,    0,    0,    0, 1003,  130,  45,   0,   0, 
SH, 17, 2005020600,   , BEST,   0, 160S, 1165E,  30, 1000, TD,   0,    ,    0,    0,    0,    0, 1005,  130,  45,   0,   0, 
SH, 17, 2005020606,   , BEST,   0, 162S, 1164E,  30, 1000, TD,   0,    ,    0,    0,    0,    0, 1005,  130,  45,   0,   0, 
SH, 17, 2005020612,   , BEST,   0, 163S, 1164E,  30, 1000, TD,   0,    ,    0,    0,    0,    0, 1005,  130,  45,   0,   0, 
SH, 17, 2005020618,   , BEST,   0, 164S, 1163E,  30, 1000, TD,   0,    ,    0,    0,    0,    0, 1005,  130,  45,   0,   0, 
SH, 17, 2005020700,   , BEST,   0, 164S, 1162E,  35,  997, TS,   0,    ,    0,    0,    0,    0,    0,    0,   0,  45,   0, 
SH, 17, 2005020706,   , BEST,   0, 164S, 1161E,  35,  997, TS,   0,    ,    0,    0,    0,    0, 1006,  140,  40,   0,   0, 
SH, 17, 2005020712,   , BEST,   0, 164S, 1160E,  35,  997, TS,   0,    ,    0,    0,    0,    0, 
SH, 17, 2005020718,   , BEST,   0, 163S, 1158E,  35,  997, TS,   0,    ,    0,    0,    0,    0, 
SH, 17, 2005020800,   , BEST,   0, 162S, 1157E,  35,  997, TS,   0,    ,    0,    0,    0,    0,    0,    0,   0,  45,   0, 
SH, 17, 2005020806,   , BEST,   0, 160S, 1157E,  35,  997, TS,   0,    ,    0,    0,    0,    0, 1004,  120,  45,   0,   0, 
SH, 17, 2005020812,   , BEST,   0, 159S, 1158E,  30, 1000, TD,   0,    ,    0,    0,    0,    0,    0,    0,   0,  40,   0, 
