SH, 10, 2005011306,   , BEST,   0, 138S, 1237E,  20, 1004, DB,   0,    ,    0,    0,    0,    0, 
SH, 10, 2005011312,   , BEST,   0, 139S, 1234E,  20, 1004, DB,   0,    ,    0,    0,    0,    0, 
SH, 10, 2005011318,   , BEST,   0, 140S, 1230E,  20, 1004, DB,   0,    ,    0,    0,    0,    0, 
SH, 10, 2005011400,   , BEST,   0, 141S, 1225E,  25, 1002, TD,   0,    ,    0,    0,    0,    0, 1007,  120,  45,   0,   0, 
SH, 10, 2005011406,   , BEST,   0, 142S, 1219E,  25, 1002, TD,   0,    ,    0,    0,    0,    0, 1007,  120,  45,   0,   0, 
SH, 10, 2005011412,   , BEST,   0, 143S, 1213E,  25, 1002, TD,   0,    ,    0,    0,    0,    0, 1007,  120,  45,   0,   0, 
SH, 10, 2005011418,   , BEST,   0, 144S, 1204E,  25, 1002, TD,   0,    ,    0,    0,    0,    0, 1006,  120,  45,   0,   0, 
SH, 10, 2005011500,   , BEST,   0, 144S, 1194E,  25, 1002, TD,   0,    ,    0,    0,    0,    0, 1006,  120,  45,   0,   0, 
SH, 10, 2005011506,   , BEST,   0, 145S, 1184E,  30, 1000, TD,   0,    ,    0,    0,    0,    0, 1006,  120,  45,   0,   0, 
SH, 10, 2005011512,   , BEST,   0, 146S, 1172E,  35,  997, TS,   0,    ,    0,    0,    0,    0, 1006,  120,  45,   0,   0, 
SH, 10, 2005011518,   , BEST,   0, 149S, 1160E,  35,  997, TS,   0,    ,    0,    0,    0,    0,    0,    0,   0,  45,   0, 
SH, 10, 2005011600,   , BEST,   0, 152S, 1148E,  35,  997, TS,   0,    ,    0,    0,    0,    0, 1006,  120,  40,   0,   0, 
SH, 10, 2005011606,   , BEST,   0, 153S, 1134E,  30, 1000, TD,   0,    ,    0,    0,    0,    0,    0,    0,   0,  45,   0, 
SH, 10, 2005011612,   , BEST,   0, 156S, 1121E,  30, 1000, TD,   0,    ,    0,    0,    0,    0, 1006,  120,  40,   0,   0, 
SH, 10, 2005011618,   , BEST,   0, 157S, 1108E,  30, 1000, TD,   0,    ,    0,    0,    0,    0,    0,    0,   0,  40,   0, 
SH, 10, 2005011700,   , BEST,   0, 156S, 1096E,  25, 1002, TD,   0,    ,    0,    0,    0,    0, 
SH, 10, 2005011706,   , BEST,   0, 152S, 1075E,  20, 1004, DB,   0,    ,    0,    0,    0,    0,    0,    0,   0,  35,   0, 
SH, 10, 2005011712,   , BEST,   0, 147S, 1054E,  20, 1004, DB,   0,    ,    0,    0,    0,    0, 
SH, 10, 2005011718,   , BEST,   0, 144S, 1033E,  20, 1004, DB,   0,    ,    0,    0,    0,    0, 
SH, 10, 2005011800,   , BEST,   0, 143S, 1021E,  20, 1004, DB,   0,    ,    0,    0,    0,    0, 
SH, 10, 2005011806,   , BEST,   0, 144S, 1011E,  20, 1004, DB,   0,    ,    0,    0,    0,    0, 
SH, 10, 2005011812,   , BEST,   0, 144S, 1001E,  15, 1006, DB,   0,    ,    0,    0,    0,    0, 
