SH, 16, 2005020500,   , BEST,   0, 128S, 1400E,  15, 1006, DB,   0,    ,    0,    0,    0,    0, 
SH, 16, 2005020506,   , BEST,   0, 131S, 1398E,  20, 1004, DB,   0,    ,    0,    0,    0,    0, 
SH, 16, 2005020512,   , BEST,   0, 135S, 1397E,  25, 1002, TD,   0,    ,    0,    0,    0,    0, 
SH, 16, 2005020518,   , BEST,   0, 139S, 1397E,  30, 1000, TD,   0,    ,    0,    0,    0,    0, 1001,  100,  45,   0,   0, 
SH, 16, 2005020600,   , BEST,   0, 143S, 1397E,  35,  997, TS,   0,    ,    0,    0,    0,    0,    0,    0,   0,  45,   0, 
SH, 16, 2005020606,   , BEST,   0, 146S, 1396E,  35,  997, TS,   0,    ,    0,    0,    0,    0, 
SH, 16, 2005020612,   , BEST,   0, 149S, 1394E,  35,  997, TS,   0,    ,    0,    0,    0,    0,    0,    0,   0,  45,   0, 
SH, 16, 2005020618,   , BEST,   0, 152S, 1391E,  40,  994, TS,  34, NEQ,   40,   30,   30,   40, 1001,   90,  20,   0,   0, 
SH, 16, 2005020700,   , BEST,   0, 156S, 1386E,  45,  991, TS,  34, NEQ,   40,   30,   30,   40,    0,    0,   0,  55,   0, 
SH, 16, 2005020706,   , BEST,   0, 161S, 1379E,  50,  987, TS,  34, NEQ,   40,   30,   30,   40, 1003,  100,  15,   0,   0, 
SH, 16, 2005020712,   , BEST,   0, 167S, 1369E,  50,  987, TS,  34, NEQ,   50,   40,   40,   50,    0,    0,   0,  65,   0, 
SH, 16, 2005020718,   , BEST,   0, 176S, 1361E,  40,  994, TS,  34, NEQ,   50,   40,   40,   50, 
