SH, 15, 2005020218,   , BEST,   0, 151S, 1673W,  20, 1004, DB,   0,    ,    0,    0,    0,    0, 1008,  120,  40,   0,   0, 
SH, 15, 2005020300,   , BEST,   0, 149S, 1676W,  25, 1002, TD,   0,    ,    0,    0,    0,    0, 1008,  120,  40,   0,   0, 
SH, 15, 2005020306,   , BEST,   0, 147S, 1679W,  25, 1002, TD,   0,    ,    0,    0,    0,    0, 1008,  120,  40,   0,   0, 
SH, 15, 2005020312,   , BEST,   0, 143S, 1680W,  30, 1000, TD,   0,    ,    0,    0,    0,    0, 1008,  120,  40,   0,   0, 
SH, 15, 2005020318,   , BEST,   0, 139S, 1680W,  35,  997, TS,   0,    ,    0,    0,    0,    0,    0,    0,   0,  45,   0, 
SH, 15, 2005020400,   , BEST,   0, 136S, 1676W,  55,  984, TS,  34, NEQ,   50,   60,   60,   50, 1008,  120,  15,   0,   0, 
SH, 15, 2005020400,   , BEST,   0, 136S, 1676W,  55,  984, TS,  50, NEQ,   15,   15,   15,   15, 1008,  120,  15,   0,   0, 
SH, 15, 2005020406,   , BEST,   0, 135S, 1668W,  60,  980, TS,  34, NEQ,  100,   80,   80,  100,    0,    0,   0,  75,   0, 
SH, 15, 2005020406,   , BEST,   0, 135S, 1668W,  60,  980, TS,  50, NEQ,   45,   35,   35,   45,    0,    0,   0,  75,   0, 
SH, 15, 2005020412,   , BEST,   0, 137S, 1660W,  70,  972, TY,  34, NEQ,  100,   80,   80,  100, 1005,  120,  10,   0,   0, 
SH, 15, 2005020412,   , BEST,   0, 137S, 1660W,  70,  972, TY,  50, NEQ,   45,   35,   35,   45, 1005,  120,  10,   0,   0, 
SH, 15, 2005020412,   , BEST,   0, 137S, 1660W,  70,  972, TY,  64, NEQ,   20,   20,   20,   20, 1005,  120,  10,   0,   0, 
SH, 15, 2005020418,   , BEST,   0, 140S, 1653W,  70,  972, TY,  34, NEQ,   90,  100,   60,   60,    0,    0,   0,  85,   0, 
SH, 15, 2005020418,   , BEST,   0, 140S, 1653W,  70,  972, TY,  50, NEQ,   35,   45,   25,   25,    0,    0,   0,  85,   0, 
SH, 15, 2005020418,   , BEST,   0, 140S, 1653W,  70,  972, TY,  64, NEQ,   15,   15,   15,   15,    0,    0,   0,  85,   0, 
SH, 15, 2005020500,   , BEST,   0, 145S, 1645W,  75,  967, TY,  34, NEQ,   60,  100,  100,   60,  996,  120,  10,   0,   0, 
SH, 15, 2005020500,   , BEST,   0, 145S, 1645W,  75,  967, TY,  50, NEQ,   35,   45,   45,   35,  996,  120,  10,   0,   0, 
SH, 15, 2005020500,   , BEST,   0, 145S, 1645W,  75,  967, TY,  64, NEQ,   15,   15,   15,   15,  996,  120,  10,   0,   0, 
SH, 15, 2005020506,   , BEST,   0, 151S, 1638W,  80,  963, TY,  34, NEQ,   60,  100,  100,   60,    0,    0,   0, 100,   0, 
SH, 15, 2005020506,   , BEST,   0, 151S, 1638W,  80,  963, TY,  50, NEQ,   35,   45,   45,   35,    0,    0,   0, 100,   0, 
SH, 15, 2005020506,   , BEST,   0, 151S, 1638W,  80,  963, TY,  64, NEQ,   15,   15,   15,   15,    0,    0,   0, 100,   0, 
SH, 15, 2005020512,   , BEST,   0, 159S, 1630W,  90,  954, TY,  34, NEQ,   75,  110,  110,   60,  996,  120,  10,   0,   0, 
SH, 15, 2005020512,   , BEST,   0, 159S, 1630W,  90,  954, TY,  50, NEQ,   40,   50,   50,   35,  996,  120,  10,   0,   0, 
SH, 15, 2005020512,   , BEST,   0, 159S, 1630W,  90,  954, TY,  64, NEQ,   15,   20,   20,   10,  996,  120,  10,   0,   0, 
SH, 15, 2005020518,   , BEST,   0, 167S, 1625W, 115,  927, TY,  34, NEQ,   55,   70,   70,   55,    0,    0,   0, 140,   0, 
SH, 15, 2005020518,   , BEST,   0, 167S, 1625W, 115,  927, TY,  50, NEQ,   20,   30,   30,   20,    0,    0,   0, 140,   0, 
SH, 15, 2005020518,   , BEST,   0, 167S, 1625W, 115,  927, TY,  64, NEQ,   15,   25,   25,   15,    0,    0,   0, 140,   0, 
SH, 15, 2005020600,   , BEST,   0, 174S, 1622W, 125,  916, TY,  34, NEQ,   70,   90,  100,   70,  996,  140,   5,   0,  15, 
SH, 15, 2005020600,   , BEST,   0, 174S, 1622W, 125,  916, TY,  50, NEQ,   30,   40,   40,   30,  996,  140,   5,   0,  15, 
SH, 15, 2005020600,   , BEST,   0, 174S, 1622W, 125,  916, TY,  64, NEQ,   25,   35,   35,   25,  996,  140,   5,   0,  15, 
SH, 15, 2005020606,   , BEST,   0, 185S, 1615W, 125,  916, TY,  34, NEQ,  120,  105,   60,   90,    0,    0,   0, 150,   0, 
SH, 15, 2005020606,   , BEST,   0, 185S, 1615W, 125,  916, TY,  50, NEQ,   65,   50,   25,   45,    0,    0,   0, 150,   0, 
SH, 15, 2005020606,   , BEST,   0, 185S, 1615W, 125,  916, TY,  64, NEQ,   40,   35,   10,   20,    0,    0,   0, 150,   0, 
SH, 15, 2005020612,   , BEST,   0, 198S, 1606W, 125,  916, TY,  34, NEQ,  140,  120,  100,   90,  996,  140,  10,   0,  15, 
SH, 15, 2005020612,   , BEST,   0, 198S, 1606W, 125,  916, TY,  50, NEQ,   70,   60,   50,   40,  996,  140,  10,   0,  15, 
SH, 15, 2005020612,   , BEST,   0, 198S, 1606W, 125,  916, TY,  64, NEQ,   40,   35,   20,   15,  996,  140,  10,   0,  15, 
SH, 15, 2005020618,   , BEST,   0, 212S, 1594W, 120,  922, TY,  34, NEQ,   60,   90,  120,   90,    0,    0,   0, 145,   0, 
SH, 15, 2005020618,   , BEST,   0, 212S, 1594W, 120,  922, TY,  50, NEQ,   25,   40,   50,   40,    0,    0,   0, 145,   0, 
SH, 15, 2005020618,   , BEST,   0, 212S, 1594W, 120,  922, TY,  64, NEQ,   20,   30,   40,   30,    0,    0,   0, 145,   0, 
SH, 15, 2005020700,   , BEST,   0, 227S, 1581W, 100,  944, TY,  34, NEQ,   80,   90,   80,   70,  996,  130,   5,   0,   0, 
SH, 15, 2005020700,   , BEST,   0, 227S, 1581W, 100,  944, TY,  50, NEQ,   35,   40,   35,   30,  996,  130,   5,   0,   0, 
SH, 15, 2005020700,   , BEST,   0, 227S, 1581W, 100,  944, TY,  64, NEQ,   25,   35,   30,   20,  996,  130,   5,   0,   0, 
SH, 15, 2005020706,   , BEST,   0, 242S, 1565W,  90,  954, TY,  34, NEQ,   80,   60,  120,   90,    0,    0,   0, 110,   0, 
SH, 15, 2005020706,   , BEST,   0, 242S, 1565W,  90,  954, TY,  50, NEQ,   40,   30,   50,   30,    0,    0,   0, 110,   0, 
SH, 15, 2005020706,   , BEST,   0, 242S, 1565W,  90,  954, TY,  64, NEQ,   20,   15,   25,   15,    0,    0,   0, 110,   0, 
SH, 15, 2005020712,   , BEST,   0, 257S, 1545W,  75,  967, TY,  34, NEQ,   50,   80,   50,   80, 
SH, 15, 2005020712,   , BEST,   0, 257S, 1545W,  75,  967, TY,  50, NEQ,   25,   40,   25,   40, 
SH, 15, 2005020712,   , BEST,   0, 257S, 1545W,  75,  967, TY,  64, NEQ,   10,   20,   10,   20, 
SH, 15, 2005020718,   , BEST,   0, 273S, 1516W,  50,  987, EX,  34, NEQ,   50,   80,   50,   80,    0,    0,   0,  65,   0, 
SH, 15, 2005020718,   , BEST,   0, 273S, 1516W,  50,  987, EX,  50, NEQ,   25,   40,   25,   40,    0,    0,   0,  65,   0, 
