SH, 13, 2005012212,   , BEST,   0, 133S, 1118E,  15, 1006, TD,   0,    ,    0,    0,    0,    0, 
SH, 13, 2005012218,   , BEST,   0, 136S, 1113E,  15, 1006, TD,   0,    ,    0,    0,    0,    0, 
SH, 13, 2005012300,   , BEST,   0, 140S, 1109E,  15, 1006, TD,   0,    ,    0,    0,    0,    0, 
SH, 13, 2005012306,   , BEST,   0, 145S, 1106E,  25, 1002, TD,   0,    ,    0,    0,    0,    0, 
SH, 13, 2005012312,   , BEST,   0, 151S, 1100E,  30, 1000, TD,   0,    ,    0,    0,    0,    0, 1008,  100,  45,   0,   0, 
SH, 13, 2005012318,   , BEST,   0, 157S, 1095E,  35,  997, TS,   0,    ,    0,    0,    0,    0,    0,    0,   0,  45,   0, 
SH, 13, 2005012400,   , BEST,   0, 161S, 1088E,  35,  997, TS,   0,    ,    0,    0,    0,    0, 1008,  100,  45,   0,   0, 
SH, 13, 2005012406,   , BEST,   0, 163S, 1080E,  35,  997, TS,   0,    ,    0,    0,    0,    0,    0,    0,   0,  45,   0, 
SH, 13, 2005012412,   , BEST,   0, 164S, 1072E,  35,  997, TS,   0,    ,    0,    0,    0,    0, 1009,  140,  40,   0,   0, 
SH, 13, 2005012418,   , BEST,   0, 165S, 1063E,  35,  997, TS,   0,    ,    0,    0,    0,    0,    0,    0,   0,  45,   0, 
SH, 13, 2005012500,   , BEST,   0, 165S, 1052E,  35,  997, TS,   0,    ,    0,    0,    0,    0, 1009,  140,  40,   0,   0, 
SH, 13, 2005012506,   , BEST,   0, 165S, 1038E,  30, 1000, TD,   0,    ,    0,    0,    0,    0,    0,    0,   0,  40,   0, 
SH, 13, 2005012512,   , BEST,   0, 165S, 1027E,  30, 1000, TD,   0,    ,    0,    0,    0,    0, 
SH, 13, 2005012518,   , BEST,   0, 166S, 1015E,  30, 1000, TD,   0,    ,    0,    0,    0,    0, 
SH, 13, 2005012600,   , BEST,   0, 167S, 1003E,  30, 1000, TD,   0,    ,    0,    0,    0,    0, 
SH, 13, 2005012606,   , BEST,   0, 167S,  986E,  20, 1004, DB,   0,    ,    0,    0,    0,    0, 
SH, 13, 2005012612,   , BEST,   0, 167S,  967E,  20, 1004, DB,   0,    ,    0,    0,    0,    0, 
