SH, 11, 2005011506,   , BEST,   0,  64S,  891E,  20, 1004, DB,   0,    ,    0,    0,    0,    0, 
SH, 11, 2005011512,   , BEST,   0,  66S,  883E,  20, 1004, DB,   0,    ,    0,    0,    0,    0, 
SH, 11, 2005011518,   , BEST,   0,  68S,  876E,  20, 1004, DB,   0,    ,    0,    0,    0,    0, 
SH, 11, 2005011600,   , BEST,   0,  69S,  870E,  20, 1004, DB,   0,    ,    0,    0,    0,    0, 
SH, 11, 2005011606,   , BEST,   0,  70S,  866E,  20, 1004, DB,   0,    ,    0,    0,    0,    0, 
SH, 11, 2005011612,   , BEST,   0,  74S,  860E,  20, 1004, DB,   0,    ,    0,    0,    0,    0, 1008,  140,  45,   0,   0, 
SH, 11, 2005011618,   , BEST,   0,  80S,  854E,  20, 1004, DB,   0,    ,    0,    0,    0,    0, 1008,  140,  45,   0,   0, 
SH, 11, 2005011700,   , BEST,   0,  84S,  850E,  25, 1002, TD,   0,    ,    0,    0,    0,    0, 1008,  140,  50,   0,   0, 
SH, 11, 2005011706,   , BEST,   0,  88S,  847E,  30, 1000, TS,   0,    ,    0,    0,    0,    0, 1008,  140,  45,   0,   0, 
SH, 11, 2005011712,   , BEST,   0,  94S,  843E,  30, 1000, TS,   0,    ,    0,    0,    0,    0, 
SH, 11, 2005011718,   , BEST,   0, 100S,  839E,  30, 1000, TS,   0,    ,    0,    0,    0,    0, 
SH, 11, 2005011800,   , BEST,   0, 106S,  834E,  35,  997, TS,   0,    ,    0,    0,    0,    0, 1008,  140,  40,  45,   0, 
SH, 11, 2005011806,   , BEST,   0, 112S,  826E,  35,  997, TS,   0,    ,    0,    0,    0,    0,    0,    0,   0,  45,   0, 
SH, 11, 2005011812,   , BEST,   0, 118S,  815E,  35,  997, TS,   0,    ,    0,    0,    0,    0, 1008,  120,  40,   0,   0, 
SH, 11, 2005011818,   , BEST,   0, 124S,  803E,  45,  991, TS,  34, NEQ,   30,   60,   60,   30,    0,    0,   0,  55,   0, 
SH, 11, 2005011900,   , BEST,   0, 129S,  790E,  45,  991, TS,  34, NEQ,   60,   65,   65,   50, 1008,  120,  45,   0,   0, 
SH, 11, 2005011906,   , BEST,   0, 135S,  774E,  40,  994, TS,  34, NEQ,   30,   60,   60,   30,    0,    0,   0,  50,   0, 
SH, 11, 2005011912,   , BEST,   0, 143S,  757E,  45,  991, TS,  34, NEQ,   60,   65,   65,   50, 1008,  130,  25,   0,   0, 
SH, 11, 2005011918,   , BEST,   0, 150S,  742E,  45,  991, TS,  34, NEQ,   65,   65,   65,   55,    0,    0,   0,  55,   0, 
SH, 11, 2005012000,   , BEST,   0, 158S,  728E,  40,  994, TS,  34, NEQ,   60,   65,   65,   65, 1008,  120,  30,   0,   0, 
SH, 11, 2005012006,   , BEST,   0, 159S,  716E,  35,  997, TS,  34, NEQ,   60,   65,   65,   65,    0,    0,   0,  45,   0, 
SH, 11, 2005012012,   , BEST,   0, 161S,  704E,  35,  997, TS,  34, NEQ,   60,   65,   65,   65, 1008,  120,  40,   0,   0, 
SH, 11, 2005012018,   , BEST,   0, 163S,  692E,  25, 1002, TD,   0,    ,    0,    0,    0,    0,    0,    0,   0,  35,   0, 
SH, 11, 2005012100,   , BEST,   0, 165S,  681E,  25, 1002, TD,   0,    ,    0,    0,    0,    0, 
SH, 11, 2005012106,   , BEST,   0, 167S,  669E,  25, 1002, TD,   0,    ,    0,    0,    0,    0, 
SH, 11, 2005012112,   , BEST,   0, 168S,  651E,  25, 1002, TD,   0,    ,    0,    0,    0,    0, 
SH, 11, 2005012118,   , BEST,   0, 169S,  629E,  25, 1002, DB,   0,    ,    0,    0,    0,    0, 
