SH, 25, 2005032912,   , BEST,   0,  98S,  850E,  15, 1006, DB,   0,    ,    0,    0,    0,    0, 
SH, 25, 2005032918,   , BEST,   0, 101S,  848E,  20, 1004, DB,   0,    ,    0,    0,    0,    0, 1006,  150,  55,   0,   0, 
SH, 25, 2005033000,   , BEST,   0, 105S,  848E,  20, 1004, DB,   0,    ,    0,    0,    0,    0, 1004,  100,  45,   0,   0, 
SH, 25, 2005033006,   , BEST,   0, 110S,  847E,  20, 1004, DB,   0,    ,    0,    0,    0,    0, 1004,  100,  45,   0,   0, 
SH, 25, 2005033012,   , BEST,   0, 111S,  842E,  20, 1004, DB,   0,    ,    0,    0,    0,    0, 
SH, 25, 2005033018,   , BEST,   0, 112S,  836E,  20, 1004, DB,   0,    ,    0,    0,    0,    0, 
SH, 25, 2005033100,   , BEST,   0, 111S,  827E,  20, 1004, DB,   0,    ,    0,    0,    0,    0, 
SH, 25, 2005033106,   , BEST,   0, 111S,  814E,  20, 1004, DB,   0,    ,    0,    0,    0,    0, 1006,  250,  45,   0,   0, 
SH, 25, 2005033112,   , BEST,   0, 113S,  803E,  20, 1004, DB,   0,    ,    0,    0,    0,    0, 1006,  250,  50,   0,   0, 
SH, 25, 2005033118,   , BEST,   0, 114S,  794E,  20, 1004, DB,   0,    ,    0,    0,    0,    0, 
SH, 25, 2005040100,   , BEST,   0, 115S,  788E,  20, 1004, DB,   0,    ,    0,    0,    0,    0, 
SH, 25, 2005040106,   , BEST,   0, 118S,  781E,  20, 1004, DB,   0,    ,    0,    0,    0,    0, 
SH, 25, 2005040112,   , BEST,   0, 121S,  770E,  20, 1004, DB,   0,    ,    0,    0,    0,    0, 
SH, 25, 2005040118,   , BEST,   0, 124S,  760E,  25, 1002, DB,   0,    ,    0,    0,    0,    0, 
SH, 25, 2005040200,   , BEST,   0, 128S,  751E,  25, 1002, TD,   0,    ,    0,    0,    0,    0, 
SH, 25, 2005040206,   , BEST,   0, 135S,  748E,  25, 1002, TD,   0,    ,    0,    0,    0,    0, 
SH, 25, 2005040212,   , BEST,   0, 141S,  744E,  25, 1002, TD,   0,    ,    0,    0,    0,    0, 
SH, 25, 2005040218,   , BEST,   0, 145S,  736E,  25, 1002, TD,   0,    ,    0,    0,    0,    0, 
SH, 25, 2005040300,   , BEST,   0, 146S,  725E,  25, 1002, TD,   0,    ,    0,    0,    0,    0, 
SH, 25, 2005040306,   , BEST,   0, 148S,  712E,  25, 1002, TD,   0,    ,    0,    0,    0,    0, 1004,  150,  50,   0,   0, 
SH, 25, 2005040312,   , BEST,   0, 151S,  706E,  30, 1000, TS,   0,    ,    0,    0,    0,    0, 1004,  150,  50,   0,   0, 
SH, 25, 2005040318,   , BEST,   0, 158S,  700E,  35,  997, TS,   0,    ,    0,    0,    0,    0,    0,    0,   0,  45,   0, 
SH, 25, 2005040400,   , BEST,   0, 167S,  697E,  40,  994, TS,  34, NEQ,   65,   65,   85,   85,  998,  165,  40,   0,   0, 
SH, 25, 2005040406,   , BEST,   0, 174S,  691E,  40,  994, TS,  34, NEQ,   65,   65,   85,   85,    0,    0,   0,  50,   0, 
SH, 25, 2005040412,   , BEST,   0, 178S,  681E,  35,  999, TS,  34, NEQ,   65,   65,   85,   85, 1004,  165,  35,   0,   0, 
SH, 25, 2005040418,   , BEST,   0, 185S,  673E,  40,  994, TS,  34, NEQ,   65,   65,   75,   75,    0,    0,   0,  50,   0, 
SH, 25, 2005040500,   , BEST,   0, 191S,  664E,  40,  994, TS,  34, NEQ,   65,   65,   75,   75, 1004,  230,  35,   0,   0, 
SH, 25, 2005040506,   , BEST,   0, 198S,  659E,  35,  997, TS,  34, NEQ,   65,   65,   75,   75,    0,    0,   0,  45,   0, 
SH, 25, 2005040512,   , BEST,   0, 205S,  656E,  35,  997, TS,  34, NEQ,   65,   65,   75,   75, 1004,  230,  35,   0,   0, 
SH, 25, 2005040518,   , BEST,   0, 215S,  656E,  40,  994, TS,  34, NEQ,   60,   60,   50,   50,    0,    0,   0,  50,   0, 
SH, 25, 2005040600,   , BEST,   0, 229S,  660E,  50,  987, TS,  34, NEQ,   60,   60,   50,   50, 1004,  230,  30,   0,   0, 
SH, 25, 2005040606,   , BEST,   0, 245S,  666E,  55,  984, TS,  34, NEQ,   50,   60,   50,   50,    0,    0,   0,  70,   0, 
SH, 25, 2005040606,   , BEST,   0, 245S,  666E,  55,  984, TS,  50, NEQ,   15,   15,   15,   15,    0,    0,   0,  70,   0, 
SH, 25, 2005040612,   , BEST,   0, 263S,  674E,  55,  984, TS,  34, NEQ,   50,   60,   50,   50, 1004,  230,  10,   0,   0, 
SH, 25, 2005040612,   , BEST,   0, 263S,  674E,  55,  984, TS,  50, NEQ,   15,   15,   15,   15, 1004,  230,  10,   0,   0, 
SH, 25, 2005040618,   , BEST,   0, 282S,  685E,  55,  984, TS,  34, NEQ,   60,   80,   70,   60,    0,    0,   0,  70,   0, 
SH, 25, 2005040618,   , BEST,   0, 282S,  685E,  55,  984, TS,  50, NEQ,   20,   20,   20,   20,    0,    0,   0,  70,   0, 
SH, 25, 2005040700,   , BEST,   0, 301S,  695E,  45,  991, TS,  34, NEQ,   50,   80,   60,   50, 
SH, 25, 2005040706,   , BEST,   0, 323S,  700E,  45,  991, TS,  34, NEQ,   50,   80,   60,   50, 
