SH, 03, 2003120400,   , BEST,   0,  93S,  646E,  15, 1006, DB,   0,    ,    0,    0,    0,    0, 
SH, 03, 2003120406,   , BEST,   0, 100S,  645E,  15, 1006, DB,   0,    ,    0,    0,    0,    0, 
SH, 03, 2003120412,   , BEST,   0, 107S,  643E,  15, 1006, DB,   0,    ,    0,    0,    0,    0, 
SH, 03, 2003120418,   , BEST,   0, 114S,  641E,  15, 1006, DB,   0,    ,    0,    0,    0,    0, 
SH, 03, 2003120500,   , BEST,   0, 119S,  635E,  20, 1003, DB,   0,    ,    0,    0,    0,    0, 1008,  120,  45,   0,   0, 
SH, 03, 2003120506,   , BEST,   0, 119S,  626E,  25, 1002, TD,   0,    ,    0,    0,    0,    0, 1008,  280,  45,   0,   0, 
SH, 03, 2003120512,   , BEST,   0, 116S,  619E,  25, 1002, TD,   0,    ,    0,    0,    0,    0, 1008,  280,  45,   0,   0, 
SH, 03, 2003120518,   , BEST,   0, 117S,  613E,  30, 1000, TD,   0,    ,    0,    0,    0,    0, 1007,  280,  40,   0,   0, 
SH, 03, 2003120600,   , BEST,   0, 118S,  608E,  30, 1000, TD,   0,    ,    0,    0,    0,    0, 1007,  280,  40,   0,   0, 
SH, 03, 2003120606,   , BEST,   0, 119S,  603E,  30, 1000, TD,   0,    ,    0,    0,    0,    0, 1012,  250,  40,   0,   0, 
SH, 03, 2003120612,   , BEST,   0, 122S,  598E,  30, 1000, TD,   0,    ,    0,    0,    0,    0, 
SH, 03, 2003120618,   , BEST,   0, 126S,  592E,  30, 1000, TD,   0,    ,    0,    0,    0,    0, 1008,  250,  40,   0,   0, 
SH, 03, 2003120700,   , BEST,   0, 129S,  586E,  35,  997, TS,   0,    ,    0,    0,    0,    0, 
SH, 03, 2003120706,   , BEST,   0, 131S,  579E,  35,  997, TC,   0,    ,    0,    0,    0,    0, 1008,  180,  40,   0,   0, 
SH, 03, 2003120712,   , BEST,   0, 134S,  574E,  35,  997, TC,   0,    ,    0,    0,    0,    0, 1008,  180,  40,   0,   0, 
SH, 03, 2003120718,   , BEST,   0, 136S,  567E,  35,  997, TS,  34, NEQ,   70,  100,  100,   70, 1007,  140,  40,   0,   0, 
SH, 03, 2003120800,   , BEST,   0, 137S,  558E,  40,  994, TS,  34, NEQ,   70,  100,  100,   70, 1007,  140,  40,   0,   0, 
SH, 03, 2003120806,   , BEST,   0, 135S,  549E,  45,  991, TS,  34, NEQ,   70,  100,  100,   70, 1007,  140,  40,   0,   0, 
SH, 03, 2003120812,   , BEST,   0, 134S,  540E,  45,  991, TC,  34, NEQ,   70,  100,  100,   70, 1007,  140,  40,   0,   0, 
SH, 03, 2003120818,   , BEST,   0, 133S,  532E,  45,  991, TC,  34, NEQ,   30,  100,  100,   30, 1010,  150,  30,   0,   0, 
SH, 03, 2003120900,   , BEST,   0, 132S,  523E,  45,  991, TC,  34, NEQ,   30,  100,  100,   30, 1010,  150,  30,   0,   0, 
SH, 03, 2003120906,   , BEST,   0, 132S,  514E,  45,  987, TS,  34, NEQ,  100,  100,   60,   60, 1007,  110,  25,   0,   0, 
SH, 03, 2003120912,   , BEST,   0, 132S,  507E,  40,  994, TS,  34, NEQ,  100,  100,   60,   60, 1007,  110,  25,   0,   0, 
SH, 03, 2003120918,   , BEST,   0, 132S,  498E,  35,  997, TS,  34, NEQ,   60,   60,   60,   60, 1004,   90,  25,   0,   0, 
SH, 03, 2003121000,   , BEST,   0, 133S,  485E,  35,  997, TC,  34, NEQ,   60,   60,   60,   60, 1004,   90,  25,   0,   0, 
SH, 03, 2003121006,   , BEST,   0, 140S,  470E,  30, 1000, TD,   0,    ,    0,    0,    0,    0, 
SH, 03, 2003121012,   , BEST,   0, 150S,  456E,  25, 1002, TD,   0,    ,    0,    0,    0,    0, 
SH, 03, 2003121018,   , BEST,   0, 153S,  447E,  25, 1002, TD,   0,    ,    0,    0,    0,    0, 1004,   90,  40,   0,   0, 
SH, 03, 2003121100,   , BEST,   0, 154S,  444E,  35,  997, TS,   0,    ,    0,    0,    0,    0, 1007,  100,  40,   0,   0, 
SH, 03, 2003121106,   , BEST,   0, 155S,  442E,  35,  997, TS,   0,    ,    0,    0,    0,    0, 1007,  100,  40,   0,   0, 
SH, 03, 2003121112,   , BEST,   0, 156S,  441E,  35,  997, TS,   0,    ,    0,    0,    0,    0, 1007,  100,  40,   0,   0, 
SH, 03, 2003121118,   , BEST,   0, 157S,  440E,  40,  994, TS,  34, NEQ,   90,   90,   90,   90, 1007,  135,  35,   0,   0, 
SH, 03, 2003121200,   , BEST,   0, 158S,  439E,  40,  994, TS,  34, NEQ,  100,  100,  100,  100, 1005,  110,  25,   0,   0, 
SH, 03, 2003121206,   , BEST,   0, 160S,  440E,  40,  994, TS,  34, NEQ,  100,  100,  100,  100, 1005,  110,  30,   0,   0, 
SH, 03, 2003121212,   , BEST,   0, 162S,  440E,  35,  997, TS,  34, NEQ,  100,  100,  100,  100, 1005,  110,  30,   0,   0, 
SH, 03, 2003121218,   , BEST,   0, 163S,  438E,  35,  997, TS,  34, NEQ,   80,   80,   80,   80, 1005,  120,  20,   0,   0, 
SH, 03, 2003121300,   , BEST,   0, 162S,  435E,  35,  997, TS,  34, NEQ,   80,   80,   80,   80, 
SH, 03, 2003121306,   , BEST,   0, 161S,  432E,  35,  997, TS,  34, NEQ,   80,   80,   80,   80, 1005,  150,   5,   0,   0, 
SH, 03, 2003121312,   , BEST,   0, 161S,  428E,  35,  997, TS,  34, NEQ,   80,   80,   80,   80, 1006,  110,  50,   0,   0, 
SH, 03, 2003121318,   , BEST,   0, 163S,  424E,  35,  997, TS,  34, NEQ,   80,   80,   80,   80, 1006,  110,  50,   0,   0, 
SH, 03, 2003121400,   , BEST,   0, 166S,  421E,  35,  997, TD,  34, NEQ,   80,   80,   80,   80, 
SH, 03, 2003121406,   , BEST,   0, 171S,  419E,  35,  997, TS,  34, NEQ,   80,   80,   80,   80, 1006,  110,  50,   0,   0, 
SH, 03, 2003121412,   , BEST,   0, 177S,  419E,  35,  997, TS,   0,    ,    0,    0,    0,    0, 1006,  110,  50,   0,   0, 
SH, 03, 2003121418,   , BEST,   0, 181S,  415E,  35,  997, TS,   0,    ,    0,    0,    0,    0, 1006,  110,  50,   0,   0, 
SH, 03, 2003121500,   , BEST,   0, 188S,  411E,  35,  997, TD,   0,    ,    0,    0,    0,    0, 
SH, 03, 2003121506,   , BEST,   0, 196S,  411E,  35,  997, TS,   0,    ,    0,    0,    0,    0, 1006,  110,  30,   0,   0, 
SH, 03, 2003121512,   , BEST,   0, 201S,  412E,  35,  997, TS,   0,    ,    0,    0,    0,    0, 
SH, 03, 2003121518,   , BEST,   0, 204S,  413E,  45,  994, TS,  34, NEQ,   80,   80,   80,   80, 1006,  120,  35,   0,   0, 
SH, 03, 2003121600,   , BEST,   0, 206S,  414E,  55,  984, TS,  34, NEQ,  100,   80,  100,  100, 1006,  120,  30,   0,   0, 
SH, 03, 2003121606,   , BEST,   0, 207S,  416E,  65,  976, TY,  34, NEQ,  100,  100,  100,  100, 1002,  120,  15,   0,  20, 
SH, 03, 2003121612,   , BEST,   0, 209S,  417E,  65,  976, TY,  34, NEQ,  100,  100,  100,  100, 1002,  120,  15,   0,  20, 
SH, 03, 2003121618,   , BEST,   0, 211S,  416E,  65,  976, TY,  34, NEQ,  100,  100,  100,  100, 1002,  120,  15,   0,  20, 
SH, 03, 2003121700,   , BEST,   0, 212S,  414E,  60,  980, TS,  34, NEQ,  100,  100,  100,  100, 1002,  120,  15,   0,  20, 
SH, 03, 2003121706,   , BEST,   0, 214S,  410E,  55,  984, TS,  34, NEQ,  100,  100,  100,  100, 1002,  120,  20,   0,   0, 
SH, 03, 2003121712,   , BEST,   0, 223S,  403E,  55,  984, TS,  34, NEQ,  100,  100,  100,  100, 1002,  120,  20,   0,   0, 
SH, 03, 2003121718,   , BEST,   0, 231S,  398E,  55,  984, TS,  34, NEQ,  100,  100,  100,  100, 1002,  120,  20,   0,   0, 
SH, 03, 2003121800,   , BEST,   0, 236S,  393E,  55,  984, TS,  34, NEQ,  100,  100,  100,  100, 1002,  120,  20,   0,   0, 
SH, 03, 2003121806,   , BEST,   0, 239S,  391E,  55,  984, TS,  34, NEQ,  100,  100,  100,  100, 1003,  120,  25,   0,   0, 
SH, 03, 2003121812,   , BEST,   0, 243S,  391E,  55,  984, TS,  34, NEQ,   90,  100,  100,   90, 1003,  150,  25,   0,   0, 
SH, 03, 2003121818,   , BEST,   0, 246S,  396E,  55,  984, TS,  34, NEQ,   70,  100,  100,   70, 1003,  120,  20,   0,   0, 
SH, 03, 2003121900,   , BEST,   0, 248S,  404E,  55,  984, TS,  34, NEQ,   70,  100,  100,   70, 1003,  120,  20,   0,   0, 
SH, 03, 2003121906,   , BEST,   0, 250S,  413E,  60,  980, TS,  34, NEQ,   70,  100,  100,   70, 1003,  120,  20,   0,   0, 
SH, 03, 2003121912,   , BEST,   0, 255S,  422E,  65,  976, TY,  34, NEQ,   80,  120,  120,   80, 1003,  180,  20,   0,   0, 
SH, 03, 2003121918,   , BEST,   0, 262S,  428E,  65,  976, TY,  34, NEQ,   80,  120,  120,   80, 1003,  180,  20,   0,   0, 
SH, 03, 2003122000,   , BEST,   0, 271S,  428E,  65,  976, TY,  34, NEQ,   80,  120,  120,   80, 
SH, 03, 2003122006,   , BEST,   0, 279S,  423E,  65,  976, TY,  34, NEQ,  120,  120,  120,  120, 1003,  180,  20,   0,   0, 
SH, 03, 2003122012,   , BEST,   0, 290S,  420E,  60,  980, TS,  34, NEQ,  120,  120,  120,  120, 1003,  120,  20,   0,   0, 
SH, 03, 2003122018,   , BEST,   0, 308S,  419E,  50,  987, TS,  34, NEQ,  120,  120,  120,  120, 
SH, 03, 2003122100,   , BEST,   0, 326S,  423E,  45,  991, TS,  34, NEQ,  120,  120,  120,  120, 
SH, 03, 2003122106,   , BEST,   0, 342S,  440E,  45,  991, EX,  34, NEQ,  120,  120,  120,  120, 1003,  120,  20,   0,   0, 
SH, 03, 2003122112,   , BEST,   0, 360S,  466E,  45,  991, EX,  34, NEQ,  120,  120,  120,  120, 
SH, 03, 2003122118,   , BEST,   0, 382S,  512E,  45,  991, EX,  34, NEQ,  120,  120,  120,  120, 
