SH, 05, 2003121700,   , BEST,   0,  93S, 1374E,  20, 1004, DB,   0,    ,    0,    0,    0,    0, 
SH, 05, 2003121706,   , BEST,   0,  93S, 1366E,  25, 1002, TD,   0,    ,    0,    0,    0,    0, 1008,  120,  45,   0,   0, 
SH, 05, 2003121712,   , BEST,   0,  93S, 1359E,  25, 1002, TD,   0,    ,    0,    0,    0,    0, 1007,  120,  45,   0,   0, 
SH, 05, 2003121718,   , BEST,   0,  94S, 1355E,  25, 1002, TD,   0,    ,    0,    0,    0,    0, 
SH, 05, 2003121800,   , BEST,   0,  95S, 1353E,  25, 1002, TD,   0,    ,    0,    0,    0,    0, 1007,  120,  45,   0,   0, 
SH, 05, 2003121806,   , BEST,   0,  97S, 1353E,  25, 1002, TD,   0,    ,    0,    0,    0,    0, 1004,  100,  40,   0,   0, 
SH, 05, 2003121812,   , BEST,   0,  98S, 1353E,  30, 1000, TD,   0,    ,    0,    0,    0,    0, 1004,  100,  40,   0,   0, 
SH, 05, 2003121818,   , BEST,   0,  99S, 1352E,  35,  997, TS,   0,    ,    0,    0,    0,    0, 1004,  100,  40,   0,   0, 
SH, 05, 2003121900,   , BEST,   0,  99S, 1350E,  40,  994, TS,  34, NEQ,   80,   60,   60,   80, 1004,   90,  30,   0,   0, 
SH, 05, 2003121906,   , BEST,   0,  99S, 1347E,  45,  991, TS,  34, NEQ,   80,   60,   60,   80, 1004,   90,  30,   0,   0, 
SH, 05, 2003121912,   , BEST,   0, 100S, 1343E,  45,  991, TS,  34, NEQ,   80,   60,   60,   80, 1002,   90,  30,   0,   0, 
SH, 05, 2003121918,   , BEST,   0, 103S, 1340E,  50,  992, TS,  34, NEQ,   80,   60,   60,   80, 1002,  110,  30,   0,   0, 
SH, 05, 2003122000,   , BEST,   0, 108S, 1339E,  60,  980, TS,  34, NEQ,   80,   60,   60,   80, 1002,  120,  20,   0,   0, 
SH, 05, 2003122006,   , BEST,   0, 113S, 1338E,  65,  976, TY,  34, NEQ,   80,   60,   60,   80, 1002,  100,  20,   0,   0, 
SH, 05, 2003122012,   , BEST,   0, 118S, 1336E,  65,  976, TY,  34, NEQ,   80,   60,   60,   80, 1002,  100,  20,   0,   0, 
SH, 05, 2003122018,   , BEST,   0, 124S, 1335E,  55,  984, TS,  34, NEQ,   80,   60,   60,   80, 1002,  100,  20,   0,   0, 
SH, 05, 2003122100,   , BEST,   0, 131S, 1333E,  45,  991, TS,   0,    ,    0,    0,    0,    0, 
SH, 05, 2003122106,   , BEST,   0, 136S, 1331E,  35,  997, TS,  34, NEQ,   80,   60,   60,   80, 1002,  100,  20,   0,   0, 
SH, 05, 2003122112,   , BEST,   0, 141S, 1329E,  25, 1002, TD,   0,    ,    0,    0,    0,    0, 
SH, 05, 2003122118,   , BEST,   0, 144S, 1325E,  25, 1002, TD,   0,    ,    0,    0,    0,    0, 
SH, 05, 2003122200,   , BEST,   0, 147S, 1321E,  25, 1002, TD,   0,    ,    0,    0,    0,    0, 
SH, 05, 2003122206,   , BEST,   0, 150S, 1316E,  25, 1002, TD,   0,    ,    0,    0,    0,    0, 
