SH, 01, 2003092906,   , BEST,   0,  44S,  634E,  30, 1000, TD,   0,    ,    0,    0,    0,    0, 1004,  120,  40,   0,   0, 
SH, 01, 2003092912,   , BEST,   0,  44S,  638E,  30, 1000, TD,   0,    ,    0,    0,    0,    0, 1004,  120,  40,   0,   0, 
SH, 01, 2003092918,   , BEST,   0,  44S,  642E,  30, 1000, TD,   0,    ,    0,    0,    0,    0, 1004,  150,  45,   0,   0, 
SH, 01, 2003093000,   , BEST,   0,  44S,  646E,  30, 1000, TD,   0,    ,    0,    0,    0,    0, 1004,  120,  45,   0,   0, 
SH, 01, 2003093006,   , BEST,   0,  45S,  650E,  35,  997, TS,   0,    ,    0,    0,    0,    0, 1004,  120,  45,   0,   0, 
SH, 01, 2003093012,   , BEST,   0,  45S,  654E,  35,  997, TS,   0,    ,    0,    0,    0,    0, 1004,  120,  45,   0,   0, 
SH, 01, 2003093018,   , BEST,   0,  44S,  657E,  35,  997, TS,   0,    ,    0,    0,    0,    0, 1004,  120,  40,   0,   0, 
SH, 01, 2003100100,   , BEST,   0,  42S,  659E,  40,  994, TS,  34, NEQ,   20,   20,   20,   20, 1004,   40,  20,   0,   0, 
SH, 01, 2003100106,   , BEST,   0,  44S,  661E,  45,  991, TS,  34, NEQ,   55,   55,   55,   55, 1004,  120,  30,   0,   0, 
SH, 01, 2003100112,   , BEST,   0,  47S,  662E,  45,  991, TS,  34, NEQ,   55,   55,   55,   55, 1004,  120,  30,   0,   0, 
SH, 01, 2003100118,   , BEST,   0,  50S,  664E,  45,  991, TS,  34, NEQ,   55,   55,   55,   55, 1004,  120,  30,   0,   0, 
SH, 01, 2003100200,   , BEST,   0,  52S,  667E,  40,  994, TS,  34, NEQ,   55,   55,   55,   55, 1004,  120,  30,   0,   0, 
SH, 01, 2003100206,   , BEST,   0,  54S,  670E,  30, 1000, TD,   0,    ,    0,    0,    0,    0, 1004,  120,  50,   0,   0, 
SH, 01, 2003100212,   , BEST,   0,  55S,  674E,  30, 1000, TD,   0,    ,    0,    0,    0,    0, 1004,  120,  50,   0,   0, 
SH, 01, 2003100218,   , BEST,   0,  58S,  675E,  30, 1000, TD,   0,    ,    0,    0,    0,    0, 1004,  120,  50,   0,   0, 
SH, 01, 2003100300,   , BEST,   0,  61S,  673E,  30, 1000, TD,   0,    ,    0,    0,    0,    0, 1004,  120,  50,   0,   0, 
SH, 01, 2003100306,   , BEST,   0,  62S,  670E,  35,  997, TS,   0,    ,    0,    0,    0,    0, 1004,  120,  40,   0,   0, 
SH, 01, 2003100312,   , BEST,   0,  65S,  669E,  35,  997, TS,   0,    ,    0,    0,    0,    0, 1004,  120,  40,   0,   0, 
SH, 01, 2003100318,   , BEST,   0,  68S,  666E,  35,  997, TS,   0,    ,    0,    0,    0,    0, 1004,  120,  40,   0,   0, 
SH, 01, 2003100400,   , BEST,   0,  70S,  662E,  30, 1000, TD,   0,    ,    0,    0,    0,    0, 1004,  120,  40,   0,   0, 
SH, 01, 2003100406,   , BEST,   0,  71S,  656E,  25, 1002, TD,   0,    ,    0,    0,    0,    0, 1004,  120,  40,   0,   0, 
SH, 01, 2003100412,   , BEST,   0,  68S,  652E,  25, 1002, TD,   0,    ,    0,    0,    0,    0, 
SH, 01, 2003100418,   , BEST,   0,  64S,  650E,  25, 1002, TD,   0,    ,    0,    0,    0,    0, 
SH, 01, 2003100500,   , BEST,   0,  61S,  651E,  25, 1002, TD,   0,    ,    0,    0,    0,    0, 
SH, 01, 2003100506,   , BEST,   0,  58S,  651E,  25, 1002, TD,   0,    ,    0,    0,    0,    0, 
