SH, 07, 2003122912,   , BEST,   0, 143S, 1800W,  20, 1004, DB,   0,    ,    0,    0,    0,    0, 
SH, 07, 2003122918,   , BEST,   0, 136S, 1797W,  20, 1004, DB,   0,    ,    0,    0,    0,    0, 
SH, 07, 2003123000,   , BEST,   0, 132S, 1791W,  25, 1009, TD,   0,    ,    0,    0,    0,    0, 
SH, 07, 2003123006,   , BEST,   0, 129S, 1786W,  25, 1002, TD,   0,    ,    0,    0,    0,    0, 
SH, 07, 2003123012,   , BEST,   0, 127S, 1781W,  25, 1002, TD,   0,    ,    0,    0,    0,    0, 
SH, 07, 2003123018,   , BEST,   0, 126S, 1777W,  30, 1000, TD,   0,    ,    0,    0,    0,    0, 1008,  120,  45,   0,   0, 
SH, 07, 2003123100,   , BEST,   0, 126S, 1774W,  30, 1000, TD,   0,    ,    0,    0,    0,    0, 1008,  120,  45,   0,   0, 
SH, 07, 2003123106,   , BEST,   0, 127S, 1771W,  30, 1000, TD,   0,    ,    0,    0,    0,    0, 1008,  120,  45,   0,   0, 
SH, 07, 2003123112,   , BEST,   0, 123S, 1766W,  30, 1000, TD,   0,    ,    0,    0,    0,    0, 1008,  120,  45,   0,   0, 
SH, 07, 2003123118,   , BEST,   0, 116S, 1761W,  30, 1000, TD,   0,    ,    0,    0,    0,    0, 1008,  120,  45,   0,   0, 
SH, 07, 2004010100,   , BEST,   0, 105S, 1758W,  30, 1000, TD,   0,    ,    0,    0,    0,    0, 1008,  120,  45,   0,   0, 
SH, 07, 2004010106,   , BEST,   0,  95S, 1754W,  35,  997, TC,   0,    ,    0,    0,    0,    0, 1008,  200,  15,   0,   0, 
SH, 07, 2004010112,   , BEST,   0,  86S, 1751W,  35,  997, TC,   0,    ,    0,    0,    0,    0, 
SH, 07, 2004010118,   , BEST,   0,  81S, 1748W,  35,  997, TC,   0,    ,    0,    0,    0,    0, 1002,  120,  50,   0,   0, 
SH, 07, 2004010200,   , BEST,   0,  80S, 1744W,  40,  994, TC,  34, NEQ,   80,   80,   80,   80, 1002,  120,  50,   0,   0, 
SH, 07, 2004010206,   , BEST,   0,  80S, 1741W,  45,  991, TS,  34, NEQ,   90,   90,   90,   90, 1002,  135,  20,   0,   0, 
SH, 07, 2004010212,   , BEST,   0,  82S, 1739W,  50,  987, TS,  34, NEQ,   90,   90,   90,   90, 1002,  200,  20,   0,   0, 
SH, 07, 2004010218,   , BEST,   0,  86S, 1738W,  55,  984, TC,  34, NEQ,  160,  130,  130,  160, 1002,  180,  30,   0,   0, 
SH, 07, 2004010300,   , BEST,   0,  92S, 1738W,  60,  990, TC,  34, NEQ,  160,  130,  130,  160, 1002,  180,  30,   0,   0, 
SH, 07, 2004010306,   , BEST,   0,  98S, 1739W,  65,  976, TC,  34, NEQ,  160,  130,  130,  160, 1002,  170,  30,   0,   0, 
SH, 07, 2004010312,   , BEST,   0, 105S, 1740W,  65,  976, TC,  34, NEQ,  160,  130,  130,  160, 1002,  170,  30,   0,   0, 
SH, 07, 2004010318,   , BEST,   0, 106S, 1746W,  75,  967, TC,  34, NEQ,  170,  140,  140,  170, 1001,  180,  20,   0,   0, 
SH, 07, 2004010400,   , BEST,   0, 112S, 1748W,  75,  967, TC,  34, NEQ,  170,  140,  140,  170, 1001,  180,  20,   0,   0, 
SH, 07, 2004010406,   , BEST,   0, 117S, 1745W,  85,  973, TC,  34, NEQ,  170,  140,  140,  170,  998,  200,  20,   0,   0, 
SH, 07, 2004010412,   , BEST,   0, 123S, 1743W, 105,  938, TY,  34, NEQ,  220,  160,  160,  220,  996,  220,  10,   0,  15, 
SH, 07, 2004010418,   , BEST,   0, 132S, 1741W, 125,  936, TC,  34, NEQ,  220,  180,  180,  220,  995,  220,  10,   0,  10, 
SH, 07, 2004010500,   , BEST,   0, 140S, 1739W, 140,  921, TC,  34, NEQ,  220,  180,  180,  220,  995,  220,  10,   0,  10, 
SH, 07, 2004010506,   , BEST,   0, 146S, 1734W, 140,  898, TC,  34, NEQ,  220,  180,  180,  220,  995,  220,  10,   0,  10, 
SH, 07, 2004010512,   , BEST,   0, 156S, 1729W, 140,  898, TC,  34, NEQ,  220,  180,  180,  220,  995,  220,  20,   0,   0, 
SH, 07, 2004010518,   , BEST,   0, 168S, 1719W, 130,  931, TC,  34, NEQ,  210,  170,  170,  210,  995,  315,  10,   0,  15, 
SH, 07, 2004010600,   , BEST,   0, 182S, 1708W, 130,  931, TC,  34, NEQ,  210,  170,  170,  210,  998,  250,  25,   0,  15, 
SH, 07, 2004010606,   , BEST,   0, 198S, 1697W, 120,  922, TY,  34, NEQ,  210,  210,  170,  210,  998,  200,  10,   0,  10, 
SH, 07, 2004010612,   , BEST,   0, 213S, 1684W, 115,  927, TY,  34, NEQ,  210,  210,  170,  210,  998,  200,  15,   0,   0, 
SH, 07, 2004010618,   , BEST,   0, 229S, 1671W, 105,  938, TY,  34, NEQ,  200,  200,  160,  200,  998,  200,  20,   0,   0, 
SH, 07, 2004010700,   , BEST,   0, 244S, 1654W,  95,  966, TC,  34, NEQ,  200,  200,  160,  200,  998,  200,  20,   0,   0, 
SH, 07, 2004010706,   , BEST,   0, 262S, 1640W,  80,  976, TC,  34, NEQ,  200,  200,  160,  200,  998,  200,  30,   0,   0, 
SH, 07, 2004010712,   , BEST,   0, 277S, 1623W,  65,  976, TY,  34, NEQ,  200,  200,  160,  200,  998,  190,  35,   0,   0, 
SH, 07, 2004010718,   , BEST,   0, 289S, 1608W,  50,  997, TC,  34, NEQ,  200,  200,  160,  200,  998,  200,  35,   0,   0, 
SH, 07, 2004010800,   , BEST,   0, 303S, 1597W,  45, 1000, TC,  34, NEQ,  200,  200,  160,  200, 
SH, 07, 2004010806,   , BEST,   0, 316S, 1589W,  30, 1000, EX,   0,    ,    0,    0,    0,    0, 1007,  180,  45,   0,   0, 
SH, 07, 2004010812,   , BEST,   0, 325S, 1582W,  30, 1000, EX,   0,    ,    0,    0,    0,    0, 
SH, 07, 2004010818,   , BEST,   0, 332S, 1577W,  40,  994, EX,   0,    ,    0,    0,    0,    0, 
SH, 07, 2004010900,   , BEST,   0, 337S, 1573W,  35,  997, EX,   0,    ,    0,    0,    0,    0, 
SH, 07, 2004010906,   , BEST,   0, 342S, 1569W,  30, 1000, EX,   0,    ,    0,    0,    0,    0, 
SH, 07, 2004010912,   , BEST,   0, 348S, 1564W,  30, 1000, EX,   0,    ,    0,    0,    0,    0, 
