SH, 12, 2004021012,   , BEST,   0, 139S, 1457E,  20, 1003, TD,   0,    ,    0,    0,    0,    0, 1006,  150,  25,   0,   0, 
SH, 12, 2004021018,   , BEST,   0, 145S, 1443E,  20, 1004, TD,   0,    ,    0,    0,    0,    0, 1006,  120,  25,   0,   0, 
SH, 12, 2004021100,   , BEST,   0, 152S, 1433E,  20, 1004, TD,   0,    ,    0,    0,    0,    0, 
SH, 12, 2004021106,   , BEST,   0, 160S, 1422E,  20, 1004, TD,   0,    ,    0,    0,    0,    0, 
SH, 12, 2004021112,   , BEST,   0, 162S, 1412E,  25, 1002, TD,   0,    ,    0,    0,    0,    0, 
SH, 12, 2004021118,   , BEST,   0, 165S, 1406E,  30, 1000, TD,   0,    ,    0,    0,    0,    0, 
SH, 12, 2004021200,   , BEST,   0, 167S, 1400E,  35, 1004, TS,   0,    ,    0,    0,    0,    0, 1006,  120,  45,   0,   0, 
SH, 12, 2004021206,   , BEST,   0, 169S, 1392E,  35,  997, TS,   0,    ,    0,    0,    0,    0, 1006,  120,  45,   0,   0, 
SH, 12, 2004021212,   , BEST,   0, 170S, 1382E,  25, 1002, TD,   0,    ,    0,    0,    0,    0, 
SH, 12, 2004021218,   , BEST,   0, 172S, 1369E,  25, 1002, TD,   0,    ,    0,    0,    0,    0, 
