SH, 19, 2004032012,   , BEST,   0, 153S, 1477E,  25, 1002, TD,   0,    ,    0,    0,    0,    0, 
SH, 19, 2004032018,   , BEST,   0, 149S, 1489E,  25, 1002, TD,   0,    ,    0,    0,    0,    0, 
SH, 19, 2004032100,   , BEST,   0, 158S, 1502E,  25, 1002, TD,   0,    ,    0,    0,    0,    0, 
SH, 19, 2004032106,   , BEST,   0, 170S, 1520E,  25, 1002, TD,   0,    ,    0,    0,    0,    0, 
SH, 19, 2004032112,   , BEST,   0, 183S, 1536E,  30, 1000, TD,   0,    ,    0,    0,    0,    0, 
SH, 19, 2004032118,   , BEST,   0, 197S, 1549E,  35,  997, TS,   0,    ,    0,    0,    0,    0,  998,  150,  80,   0,   0, 
SH, 19, 2004032200,   , BEST,   0, 203S, 1557E,  35,  997, TS,   0,    ,    0,    0,    0,    0,  998,  150,  80,   0,   0, 
SH, 19, 2004032206,   , BEST,   0, 207S, 1565E,  30, 1000, TD,   0,    ,    0,    0,    0,    0, 1004,  180,  80,   0,   0, 
SH, 19, 2004032212,   , BEST,   0, 210S, 1573E,  25, 1002, TD,   0,    ,    0,    0,    0,    0, 1004,  180,  80,   0,   0, 
SH, 19, 2004032218,   , BEST,   0, 215S, 1583E,  25, 1002, TD,   0,    ,    0,    0,    0,    0, 
SH, 19, 2004032300,   , BEST,   0, 221S, 1596E,  25, 1002, TD,   0,    ,    0,    0,    0,    0, 
