SH, 18, 2004031500,   , BEST,   0, 107S, 1335E,  20, 1004, TD,   0,    ,    0,    0,    0,    0, 1008,  120,  40,   0,   0, 
SH, 18, 2004031506,   , BEST,   0, 107S, 1323E,  25, 1002, TD,   0,    ,    0,    0,    0,    0, 1006,  120,  45,   0,   0, 
SH, 18, 2004031512,   , BEST,   0, 110S, 1311E,  25, 1000, TD,   0,    ,    0,    0,    0,    0, 1006,  120,  45,   0,   0, 
SH, 18, 2004031518,   , BEST,   0, 113S, 1303E,  25, 1002, TD,   0,    ,    0,    0,    0,    0, 1006,  120,  45,   0,   0, 
SH, 18, 2004031600,   , BEST,   0, 115S, 1296E,  30, 1000, TD,   0,    ,    0,    0,    0,    0, 1006,  120,  45,   0,   0, 
SH, 18, 2004031606,   , BEST,   0, 117S, 1289E,  30, 1000, TD,   0,    ,    0,    0,    0,    0, 1006,  120,  45,   0,   0, 
SH, 18, 2004031612,   , BEST,   0, 121S, 1283E,  30, 1000, TD,   0,    ,    0,    0,    0,    0, 1006,  120,  45,   0,   0, 
SH, 18, 2004031618,   , BEST,   0, 119S, 1276E,  35,  997, TS,   0,    ,    0,    0,    0,    0, 1006,  120,  35,   0,   0, 
SH, 18, 2004031700,   , BEST,   0, 118S, 1280E,  35,  997, TS,   0,    ,    0,    0,    0,    0, 1006,  120,  35,   0,   0, 
SH, 18, 2004031706,   , BEST,   0, 121S, 1275E,  35,  997, TS,   0,    ,    0,    0,    0,    0, 1006,  140,  40,   0,   0, 
SH, 18, 2004031712,   , BEST,   0, 123S, 1270E,  35,  997, TS,   0,    ,    0,    0,    0,    0, 1004,  180,  40,   0,   0, 
SH, 18, 2004031718,   , BEST,   0, 127S, 1269E,  45,  991, TS,  34, NEQ,   50,   50,   50,   50, 1004,  190,  30,   0,   0, 
SH, 18, 2004031800,   , BEST,   0, 130S, 1269E,  55,  984, TS,  34, NEQ,  100,  100,  100,  100, 1004,  120,  10,   0,   0, 
SH, 18, 2004031800,   , BEST,   0, 130S, 1269E,  55,  984, TS,  50, NEQ,   20,   20,   20,   20, 1004,  120,  10,   0,   0, 
SH, 18, 2004031806,   , BEST,   0, 131S, 1266E,  65,  976, TY,  34, NEQ,  100,  100,  100,  100, 1002,  150,  20,   0,   0, 
SH, 18, 2004031806,   , BEST,   0, 131S, 1266E,  65,  976, TY,  50, NEQ,   40,   40,   40,   40, 1002,  150,  20,   0,   0, 
SH, 18, 2004031812,   , BEST,   0, 131S, 1263E,  70,  972, TY,  34, NEQ,  100,  100,  100,  100, 1001,  150,  15,   0,   0, 
SH, 18, 2004031812,   , BEST,   0, 131S, 1263E,  70,  972, TY,  50, NEQ,   40,   40,   40,   40, 1001,  150,  15,   0,   0, 
SH, 18, 2004031812,   , BEST,   0, 131S, 1263E,  70,  972, TY,  64, NEQ,   10,   10,   10,   10, 1001,  150,  15,   0,   0, 
SH, 18, 2004031818,   , BEST,   0, 130S, 1259E,  75,  967, TY,  34, NEQ,  100,  100,  100,  100, 1001,  150,  15,   0,   0, 
SH, 18, 2004031818,   , BEST,   0, 130S, 1259E,  75,  967, TY,  50, NEQ,   40,   40,   40,   40, 1001,  150,  15,   0,   0, 
SH, 18, 2004031818,   , BEST,   0, 130S, 1259E,  75,  967, TY,  64, NEQ,   10,   10,   10,   10, 1001,  150,  15,   0,   0, 
SH, 18, 2004031900,   , BEST,   0, 127S, 1258E,  75,  967, TY,  34, NEQ,  100,  100,  100,  100, 1001,  150,  15,   0,   0, 
SH, 18, 2004031900,   , BEST,   0, 127S, 1258E,  75,  967, TY,  50, NEQ,   40,   40,   40,   40, 1001,  150,  15,   0,   0, 
SH, 18, 2004031900,   , BEST,   0, 127S, 1258E,  75,  967, TY,  64, NEQ,   10,   10,   10,   10, 1001,  150,  15,   0,   0, 
SH, 18, 2004031906,   , BEST,   0, 127S, 1255E,  80,  963, TY,  34, NEQ,  100,  100,  100,  100, 1001,  140,  15,   0,   0, 
SH, 18, 2004031906,   , BEST,   0, 127S, 1255E,  80,  963, TY,  50, NEQ,   40,   40,   40,   40, 1001,  140,  15,   0,   0, 
SH, 18, 2004031906,   , BEST,   0, 127S, 1255E,  80,  963, TY,  64, NEQ,   10,   10,   10,   10, 1001,  140,  15,   0,   0, 
SH, 18, 2004031912,   , BEST,   0, 128S, 1252E,  90,  954, TY,  34, NEQ,  100,  100,  100,  100,  998,  140,  10,   0,   0, 
SH, 18, 2004031912,   , BEST,   0, 128S, 1252E,  90,  954, TY,  50, NEQ,   40,   40,   40,   40,  998,  140,  10,   0,   0, 
SH, 18, 2004031912,   , BEST,   0, 128S, 1252E,  90,  954, TY,  64, NEQ,   15,   15,   15,   15,  998,  140,  10,   0,   0, 
SH, 18, 2004031918,   , BEST,   0, 130S, 1250E,  90,  954, TY,  34, NEQ,  110,  110,  110,  110,  998,  165,  10,   0,   0, 
SH, 18, 2004031918,   , BEST,   0, 130S, 1250E,  90,  954, TY,  50, NEQ,   40,   40,   40,   40,  998,  165,  10,   0,   0, 
SH, 18, 2004031918,   , BEST,   0, 130S, 1250E,  90,  954, TY,  64, NEQ,   15,   15,   15,   15,  998,  165,  10,   0,   0, 
SH, 18, 2004032000,   , BEST,   0, 131S, 1247E,  90,  954, TY,  34, NEQ,  100,  100,  100,  140,  998,  140,  10,   0,   0, 
SH, 18, 2004032000,   , BEST,   0, 131S, 1247E,  90,  954, TY,  50, NEQ,   40,   40,   40,   40,  998,  140,  10,   0,   0, 
SH, 18, 2004032000,   , BEST,   0, 131S, 1247E,  90,  954, TY,  64, NEQ,   15,   15,   15,   15,  998,  140,  10,   0,   0, 
SH, 18, 2004032006,   , BEST,   0, 131S, 1243E,  90,  954, TY,  34, NEQ,  100,  100,  100,  140, 
SH, 18, 2004032006,   , BEST,   0, 131S, 1243E,  90,  954, TY,  50, NEQ,   40,   40,   40,   40, 
SH, 18, 2004032006,   , BEST,   0, 131S, 1243E,  90,  954, TY,  64, NEQ,   15,   15,   15,   15, 
SH, 18, 2004032012,   , BEST,   0, 134S, 1240E,  90,  954, TY,  34, NEQ,  100,  100,  100,  140,  998,  140,  10,   0,   0, 
SH, 18, 2004032012,   , BEST,   0, 134S, 1240E,  90,  954, TY,  50, NEQ,   40,   40,   40,   40,  998,  140,  10,   0,   0, 
SH, 18, 2004032012,   , BEST,   0, 134S, 1240E,  90,  954, TY,  64, NEQ,   15,   15,   15,   15,  998,  140,  10,   0,   0, 
SH, 18, 2004032018,   , BEST,   0, 135S, 1236E, 100,  944, TY,  34, NEQ,  100,  100,  120,  140,  998,  140,  10,   0,   0, 
SH, 18, 2004032018,   , BEST,   0, 135S, 1236E, 100,  944, TY,  50, NEQ,   40,   40,   40,   40,  998,  140,  10,   0,   0, 
SH, 18, 2004032018,   , BEST,   0, 135S, 1236E, 100,  944, TY,  64, NEQ,   15,   15,   15,   15,  998,  140,  10,   0,   0, 
SH, 18, 2004032100,   , BEST,   0, 136S, 1231E, 100,  944, TY,  34, NEQ,  100,  100,  120,  140,  998,  140,  10,   0,   0, 
SH, 18, 2004032100,   , BEST,   0, 136S, 1231E, 100,  944, TY,  50, NEQ,   40,   40,   40,   40,  998,  140,  10,   0,   0, 
SH, 18, 2004032100,   , BEST,   0, 136S, 1231E, 100,  944, TY,  64, NEQ,   15,   15,   15,   15,  998,  140,  10,   0,   0, 
SH, 18, 2004032106,   , BEST,   0, 138S, 1226E, 115,  927, TY,  34, NEQ,  100,  100,  120,  140,  998,  140,  10,   0,   0, 
SH, 18, 2004032106,   , BEST,   0, 138S, 1226E, 115,  927, TY,  50, NEQ,   40,   40,   40,   40,  998,  140,  10,   0,   0, 
SH, 18, 2004032106,   , BEST,   0, 138S, 1226E, 115,  927, TY,  64, NEQ,   15,   15,   15,   15,  998,  140,  10,   0,   0, 
SH, 18, 2004032106,   , BEST,   0, 138S, 1226E, 115,  927, TY, 100, NEQ,   10,   10,   10,   10,  998,  140,  10,   0,   0, 
SH, 18, 2004032112,   , BEST,   0, 139S, 1221E, 120,  922, TY,  34, NEQ,  100,  100,  120,  140,  998,  140,  10,   0,   0, 
SH, 18, 2004032112,   , BEST,   0, 139S, 1221E, 120,  922, TY,  50, NEQ,   40,   40,   40,   40,  998,  140,  10,   0,   0, 
SH, 18, 2004032112,   , BEST,   0, 139S, 1221E, 120,  922, TY,  64, NEQ,   15,   15,   15,   15,  998,  140,  10,   0,   0, 
SH, 18, 2004032112,   , BEST,   0, 139S, 1221E, 120,  922, TY, 100, NEQ,   15,   15,   15,   15,  998,  140,  10,   0,   0, 
SH, 18, 2004032118,   , BEST,   0, 140S, 1216E, 120,  922, TY,  34, NEQ,  100,  100,  120,  140,  998,  140,  10,   0,   0, 
SH, 18, 2004032118,   , BEST,   0, 140S, 1216E, 120,  922, TY,  50, NEQ,   40,   40,   40,   40,  998,  140,  10,   0,   0, 
SH, 18, 2004032118,   , BEST,   0, 140S, 1216E, 120,  922, TY,  64, NEQ,   15,   15,   15,   15,  998,  140,  10,   0,   0, 
SH, 18, 2004032118,   , BEST,   0, 140S, 1216E, 120,  922, TY, 100, NEQ,   15,   15,   15,   15,  998,  140,  10,   0,   0, 
SH, 18, 2004032200,   , BEST,   0, 138S, 1212E, 115,  927, TY,  34, NEQ,  100,  100,  120,  140,  998,  140,  10,   0,   0, 
SH, 18, 2004032200,   , BEST,   0, 138S, 1212E, 115,  927, TY,  50, NEQ,   40,   40,   40,   40,  998,  140,  10,   0,   0, 
SH, 18, 2004032200,   , BEST,   0, 138S, 1212E, 115,  927, TY,  64, NEQ,   15,   15,   15,   15,  998,  140,  10,   0,   0, 
SH, 18, 2004032200,   , BEST,   0, 138S, 1212E, 115,  927, TY, 100, NEQ,   10,   10,   10,   10,  998,  140,  10,   0,   0, 
SH, 18, 2004032206,   , BEST,   0, 137S, 1208E, 115,  927, TY,  34, NEQ,  100,  100,  120,  140,  998,  140,  10,   0,   0, 
SH, 18, 2004032206,   , BEST,   0, 137S, 1208E, 115,  927, TY,  50, NEQ,   40,   40,   40,   40,  998,  140,  10,   0,   0, 
SH, 18, 2004032206,   , BEST,   0, 137S, 1208E, 115,  927, TY,  64, NEQ,   15,   15,   15,   15,  998,  140,  10,   0,   0, 
SH, 18, 2004032206,   , BEST,   0, 137S, 1208E, 115,  927, TY, 100, NEQ,   10,   10,   10,   10,  998,  140,  10,   0,   0, 
SH, 18, 2004032212,   , BEST,   0, 139S, 1205E, 115,  927, TY,  34, NEQ,  100,  100,  120,  140,  998,  140,  10,   0,   0, 
SH, 18, 2004032212,   , BEST,   0, 139S, 1205E, 115,  927, TY,  50, NEQ,   40,   40,   40,   40,  998,  140,  10,   0,   0, 
SH, 18, 2004032212,   , BEST,   0, 139S, 1205E, 115,  927, TY,  64, NEQ,   15,   15,   15,   15,  998,  140,  10,   0,   0, 
SH, 18, 2004032212,   , BEST,   0, 139S, 1205E, 115,  927, TY, 100, NEQ,   10,   10,   10,   10,  998,  140,  10,   0,   0, 
SH, 18, 2004032218,   , BEST,   0, 141S, 1204E, 115,  927, TY,  34, NEQ,  100,  100,  120,  140,  998,  140,  10,   0,   5, 
SH, 18, 2004032218,   , BEST,   0, 141S, 1204E, 115,  927, TY,  50, NEQ,   40,   40,   40,   40,  998,  140,  10,   0,   5, 
SH, 18, 2004032218,   , BEST,   0, 141S, 1204E, 115,  927, TY,  64, NEQ,   15,   15,   15,   15,  998,  140,  10,   0,   5, 
SH, 18, 2004032218,   , BEST,   0, 141S, 1204E, 115,  927, TY, 100, NEQ,   10,   10,   10,   10,  998,  140,  10,   0,   5, 
SH, 18, 2004032300,   , BEST,   0, 143S, 1205E, 110,  933, TY,  34, NEQ,  160,  160,  130,  130,  998,  180,  10,   0,  10, 
SH, 18, 2004032300,   , BEST,   0, 143S, 1205E, 110,  933, TY,  50, NEQ,   70,   70,   60,   60,  998,  180,  10,   0,  10, 
SH, 18, 2004032300,   , BEST,   0, 143S, 1205E, 110,  933, TY,  64, NEQ,   25,   25,   25,   25,  998,  180,  10,   0,  10, 
SH, 18, 2004032300,   , BEST,   0, 143S, 1205E, 110,  933, TY, 100, NEQ,   15,   15,   15,   15,  998,  180,  10,   0,  10, 
SH, 18, 2004032306,   , BEST,   0, 144S, 1208E, 100,  944, TY,  34, NEQ,  160,  160,  130,  130,  998,  180,  10,   0,  15, 
SH, 18, 2004032306,   , BEST,   0, 144S, 1208E, 100,  944, TY,  50, NEQ,   70,   70,   60,   60,  998,  180,  10,   0,  15, 
SH, 18, 2004032306,   , BEST,   0, 144S, 1208E, 100,  944, TY,  64, NEQ,   25,   25,   25,   25,  998,  180,  10,   0,  15, 
SH, 18, 2004032306,   , BEST,   0, 144S, 1208E, 100,  944, TY, 100, NEQ,   20,   20,   20,   20,  998,  180,  10,   0,  15, 
SH, 18, 2004032312,   , BEST,   0, 146S, 1211E,  90,  954, TY,  34, NEQ,  180,  140,  140,  180,  998,  180,  15,   0,   0, 
SH, 18, 2004032312,   , BEST,   0, 146S, 1211E,  90,  954, TY,  50, NEQ,   70,   55,   55,   70,  998,  180,  15,   0,   0, 
SH, 18, 2004032312,   , BEST,   0, 146S, 1211E,  90,  954, TY,  64, NEQ,   25,   20,   20,   25,  998,  180,  15,   0,   0, 
SH, 18, 2004032318,   , BEST,   0, 150S, 1213E,  90,  954, TY,  34, NEQ,  180,  140,  140,  180,  998,  190,  15,   0,   0, 
SH, 18, 2004032318,   , BEST,   0, 150S, 1213E,  90,  954, TY,  50, NEQ,   70,   55,   55,   70,  998,  190,  15,   0,   0, 
SH, 18, 2004032318,   , BEST,   0, 150S, 1213E,  90,  954, TY,  64, NEQ,   25,   20,   20,   25,  998,  190,  15,   0,   0, 
SH, 18, 2004032400,   , BEST,   0, 154S, 1213E,  80,  963, TY,  34, NEQ,  130,  130,  180,  180,  999,  190,  20,   0,   0, 
SH, 18, 2004032400,   , BEST,   0, 154S, 1213E,  80,  963, TY,  50, NEQ,   50,   50,   75,   75,  999,  190,  20,   0,   0, 
SH, 18, 2004032400,   , BEST,   0, 154S, 1213E,  80,  963, TY,  64, NEQ,   25,   25,   30,   30,  999,  190,  20,   0,   0, 
SH, 18, 2004032406,   , BEST,   0, 157S, 1217E,  75,  967, TY,  34, NEQ,  180,  140,  140,  180,  999,  270,  20,   0,   0, 
SH, 18, 2004032406,   , BEST,   0, 157S, 1217E,  75,  967, TY,  50, NEQ,   85,   50,   50,   85,  999,  270,  20,   0,   0, 
SH, 18, 2004032406,   , BEST,   0, 157S, 1217E,  75,  967, TY,  64, NEQ,   25,   20,   20,   25,  999,  270,  20,   0,   0, 
SH, 18, 2004032412,   , BEST,   0, 162S, 1217E,  75,  967, TY,  34, NEQ,  180,  140,  140,  180,  999,  270,  20,   0,   0, 
SH, 18, 2004032412,   , BEST,   0, 162S, 1217E,  75,  967, TY,  50, NEQ,   85,   50,   50,   85,  999,  270,  20,   0,   0, 
SH, 18, 2004032412,   , BEST,   0, 162S, 1217E,  75,  967, TY,  64, NEQ,   25,   20,   20,   25,  999,  270,  20,   0,   0, 
SH, 18, 2004032418,   , BEST,   0, 166S, 1217E,  75,  967, TY,  34, NEQ,  180,  120,  120,  180,  999,  200,  20,   0,   0, 
SH, 18, 2004032418,   , BEST,   0, 166S, 1217E,  75,  967, TY,  50, NEQ,   85,   40,   40,   85,  999,  200,  20,   0,   0, 
SH, 18, 2004032418,   , BEST,   0, 166S, 1217E,  75,  967, TY,  64, NEQ,   25,   15,   15,   25,  999,  200,  20,   0,   0, 
SH, 18, 2004032500,   , BEST,   0, 170S, 1216E,  75,  967, TY,  34, NEQ,  160,  120,  120,  160,  999,  180,  20,   0,   0, 
SH, 18, 2004032500,   , BEST,   0, 170S, 1216E,  75,  967, TY,  50, NEQ,   40,   60,   60,   40,  999,  180,  20,   0,   0, 
SH, 18, 2004032500,   , BEST,   0, 170S, 1216E,  75,  967, TY,  64, NEQ,   15,   20,   20,   15,  999,  180,  20,   0,   0, 
SH, 18, 2004032506,   , BEST,   0, 174S, 1215E,  75,  967, TY,  34, NEQ,  160,  120,  120,  160, 1000,  180,  20,   0,   0, 
SH, 18, 2004032506,   , BEST,   0, 174S, 1215E,  75,  967, TY,  50, NEQ,   50,   50,   50,   50, 1000,  180,  20,   0,   0, 
SH, 18, 2004032506,   , BEST,   0, 174S, 1215E,  75,  967, TY,  64, NEQ,   20,   20,   20,   20, 1000,  180,  20,   0,   0, 
SH, 18, 2004032512,   , BEST,   0, 178S, 1211E,  80,  963, TY,  34, NEQ,  160,  120,  120,  160, 1000,  180,  20,   0,   0, 
SH, 18, 2004032512,   , BEST,   0, 178S, 1211E,  80,  963, TY,  50, NEQ,   50,   50,   50,   50, 1000,  180,  20,   0,   0, 
SH, 18, 2004032512,   , BEST,   0, 178S, 1211E,  80,  963, TY,  64, NEQ,   20,   20,   20,   20, 1000,  180,  20,   0,   0, 
SH, 18, 2004032518,   , BEST,   0, 180S, 1205E,  85,  958, TY,  34, NEQ,   80,   80,  120,  150, 1000,  180,  20,   0,   0, 
SH, 18, 2004032518,   , BEST,   0, 180S, 1205E,  85,  958, TY,  50, NEQ,   25,   35,   35,   25, 1000,  180,  20,   0,   0, 
SH, 18, 2004032518,   , BEST,   0, 180S, 1205E,  85,  958, TY,  64, NEQ,   10,   10,   10,   10, 1000,  180,  20,   0,   0, 
SH, 18, 2004032600,   , BEST,   0, 182S, 1202E,  90,  954, TY,  34, NEQ,   80,   80,  120,  150, 
SH, 18, 2004032600,   , BEST,   0, 182S, 1202E,  90,  954, TY,  50, NEQ,   25,   35,   35,   25, 
SH, 18, 2004032600,   , BEST,   0, 182S, 1202E,  90,  954, TY,  64, NEQ,   15,   15,   15,   15, 
SH, 18, 2004032606,   , BEST,   0, 185S, 1200E,  95,  949, TY,  34, NEQ,   80,   80,  120,  150, 1000,  180,  15,   0,  10, 
SH, 18, 2004032606,   , BEST,   0, 185S, 1200E,  95,  949, TY,  50, NEQ,   25,   35,   35,   25, 1000,  180,  15,   0,  10, 
SH, 18, 2004032606,   , BEST,   0, 185S, 1200E,  95,  949, TY,  64, NEQ,   15,   15,   15,   15, 1000,  180,  15,   0,  10, 
SH, 18, 2004032612,   , BEST,   0, 189S, 1200E, 100,  944, TY,  34, NEQ,  125,  125,  125,  125, 1004,  187,  15,   0,  10, 
SH, 18, 2004032612,   , BEST,   0, 189S, 1200E, 100,  944, TY,  50, NEQ,   25,   35,   35,   25, 1004,  187,  15,   0,  10, 
SH, 18, 2004032612,   , BEST,   0, 189S, 1200E, 100,  944, TY,  64, NEQ,   15,   15,   15,   15, 1004,  187,  15,   0,  10, 
SH, 18, 2004032618,   , BEST,   0, 193S, 1200E, 115,  927, TY,  34, NEQ,  110,  110,  110,  110,  999,  150,  10,   0,  10, 
SH, 18, 2004032618,   , BEST,   0, 193S, 1200E, 115,  927, TY,  50, NEQ,   40,   40,   40,   40,  999,  150,  10,   0,  10, 
SH, 18, 2004032618,   , BEST,   0, 193S, 1200E, 115,  927, TY,  64, NEQ,   20,   20,   20,   20,  999,  150,  10,   0,  10, 
SH, 18, 2004032618,   , BEST,   0, 193S, 1200E, 115,  927, TY, 100, NEQ,   15,   15,   15,   15,  999,  150,  10,   0,  10, 
SH, 18, 2004032700,   , BEST,   0, 198S, 1200E, 110,  933, TY,  34, NEQ,  110,  110,  110,  110, 
SH, 18, 2004032700,   , BEST,   0, 198S, 1200E, 110,  933, TY,  50, NEQ,   40,   40,   40,   40, 
SH, 18, 2004032700,   , BEST,   0, 198S, 1200E, 110,  933, TY,  64, NEQ,   20,   20,   20,   20, 
SH, 18, 2004032700,   , BEST,   0, 198S, 1200E, 110,  933, TY, 100, NEQ,   15,   15,   15,   15, 
SH, 18, 2004032706,   , BEST,   0, 204S, 1200E, 105,  938, TY,  34, NEQ,  110,  110,  110,  110, 
SH, 18, 2004032706,   , BEST,   0, 204S, 1200E, 105,  938, TY,  50, NEQ,   40,   40,   40,   40, 
SH, 18, 2004032706,   , BEST,   0, 204S, 1200E, 105,  938, TY,  64, NEQ,   10,   10,   10,   10, 
SH, 18, 2004032712,   , BEST,   0, 211S, 1201E, 100,  944, TY,  34, NEQ,   75,   75,   75,   75, 
SH, 18, 2004032712,   , BEST,   0, 211S, 1201E, 100,  944, TY,  50, NEQ,   25,   25,   25,   25, 
SH, 18, 2004032712,   , BEST,   0, 211S, 1201E, 100,  944, TY,  64, NEQ,   10,   10,   10,   10, 
SH, 18, 2004032718,   , BEST,   0, 214S, 1209E,  70,  972, TY,  34, NEQ,   75,   75,   75,   75, 
SH, 18, 2004032718,   , BEST,   0, 214S, 1209E,  70,  972, TY,  50, NEQ,   25,   25,   25,   25, 
