SH, 14, 2004022618,   , BEST,   0, 197S, 1209E,  15, 1006, TD,   0,    ,    0,    0,    0,    0, 
SH, 14, 2004022700,   , BEST,   0, 195S, 1204E,  30, 1000, TD,   0,    ,    0,    0,    0,    0, 1006,  130,  25,   0,   0, 
SH, 14, 2004022706,   , BEST,   0, 192S, 1200E,  35,  997, TS,  34, NEQ,   45,   45,   45,   45, 1006,  130,  40,   0,   0, 
SH, 14, 2004022712,   , BEST,   0, 193S, 1195E,  35,  997, TS,  34, NEQ,   45,   45,   45,   45, 1004,  140,  25,   0,   0, 
SH, 14, 2004022718,   , BEST,   0, 193S, 1190E,  50,  987, TS,  34, NEQ,   65,   65,   85,   65, 1003,  160,  25,   0,   0, 
SH, 14, 2004022800,   , BEST,   0, 193S, 1185E,  65,  976, TY,  34, NEQ,   65,   65,   85,   65, 1003,  150,  20,   0,   0, 
SH, 14, 2004022800,   , BEST,   0, 193S, 1185E,  65,  976, TY,  50, NEQ,   30,   30,   40,   30, 1003,  150,  20,   0,   0, 
SH, 14, 2004022806,   , BEST,   0, 192S, 1178E,  70,  972, TY,  34, NEQ,   65,   65,   85,   65, 1003,  150,  20,   0,   0, 
SH, 14, 2004022806,   , BEST,   0, 192S, 1178E,  70,  972, TY,  50, NEQ,   30,   30,   40,   30, 1003,  150,  20,   0,   0, 
SH, 14, 2004022812,   , BEST,   0, 192S, 1172E,  70,  972, TY,  34, NEQ,   70,   70,   90,   80, 1003,  130,  20,   0,   0, 
SH, 14, 2004022812,   , BEST,   0, 192S, 1172E,  70,  972, TY,  50, NEQ,   30,   30,   40,   30, 1003,  130,  20,   0,   0, 
SH, 14, 2004022818,   , BEST,   0, 192S, 1167E,  75,  967, TY,  34, NEQ,   60,   70,   90,   70, 1003,  135,  15,   0,   0, 
SH, 14, 2004022818,   , BEST,   0, 192S, 1167E,  75,  967, TY,  50, NEQ,   30,   30,   40,   30, 1003,  135,  15,   0,   0, 
SH, 14, 2004022900,   , BEST,   0, 193S, 1162E,  90,  954, TY,  34, NEQ,   60,   70,   90,   70, 1000,  130,  10,   0,  10, 
SH, 14, 2004022900,   , BEST,   0, 193S, 1162E,  90,  954, TY,  50, NEQ,   30,   30,   40,   30, 1000,  130,  10,   0,  10, 
SH, 14, 2004022906,   , BEST,   0, 195S, 1158E, 105,  938, TY,  34, NEQ,   70,   90,   90,   70,  998,  130,  10,   0,  15, 
SH, 14, 2004022906,   , BEST,   0, 195S, 1158E, 105,  938, TY,  50, NEQ,   40,   50,   50,   40,  998,  130,  10,   0,  15, 
SH, 14, 2004022906,   , BEST,   0, 195S, 1158E, 105,  938, TY, 100, NEQ,   20,   20,   20,   20,  998,  130,  10,   0,  15, 
SH, 14, 2004022912,   , BEST,   0, 198S, 1154E, 110,  933, TY,  34, NEQ,   70,   90,   90,   70,  998,  130,  10,   0,  10, 
SH, 14, 2004022912,   , BEST,   0, 198S, 1154E, 110,  933, TY,  50, NEQ,   40,   50,   50,   40,  998,  130,  10,   0,  10, 
SH, 14, 2004022912,   , BEST,   0, 198S, 1154E, 110,  933, TY, 100, NEQ,   20,   20,   20,   20,  998,  130,  10,   0,  10, 
SH, 14, 2004022918,   , BEST,   0, 201S, 1151E, 105,  938, TY,  34, NEQ,   70,   90,   90,   70,  998,  130,  10,   0,  10, 
SH, 14, 2004022918,   , BEST,   0, 201S, 1151E, 105,  938, TY,  50, NEQ,   40,   50,   50,   40,  998,  130,  10,   0,  10, 
SH, 14, 2004022918,   , BEST,   0, 201S, 1151E, 105,  938, TY, 100, NEQ,   20,   20,   20,   20,  998,  130,  10,   0,  10, 
SH, 14, 2004030100,   , BEST,   0, 205S, 1152E, 105,  938, TY,  34, NEQ,   70,   90,   90,   70,  998,  130,  10,   0,  10, 
SH, 14, 2004030100,   , BEST,   0, 205S, 1152E, 105,  938, TY,  50, NEQ,   40,   50,   50,   40,  998,  130,  10,   0,  10, 
SH, 14, 2004030100,   , BEST,   0, 205S, 1152E, 105,  938, TY, 100, NEQ,   20,   20,   20,   20,  998,  130,  10,   0,  10, 
SH, 14, 2004030106,   , BEST,   0, 209S, 1153E, 105,  938, TY,  34, NEQ,   70,   90,   90,   70,  998,  130,  10,   0,  10, 
SH, 14, 2004030106,   , BEST,   0, 209S, 1153E, 105,  938, TY,  50, NEQ,   40,   50,   50,   40,  998,  130,  10,   0,  10, 
SH, 14, 2004030106,   , BEST,   0, 209S, 1153E, 105,  938, TY, 100, NEQ,   20,   20,   20,   20,  998,  130,  10,   0,  10, 
SH, 14, 2004030112,   , BEST,   0, 213S, 1156E,  90,  954, TY,  34, NEQ,   60,   60,   40,   40,  999,  110,  10,   0,   0, 
SH, 14, 2004030112,   , BEST,   0, 213S, 1156E,  90,  954, TY,  50, NEQ,   30,   30,   20,   20,  999,  110,  10,   0,   0, 
SH, 14, 2004030118,   , BEST,   0, 216S, 1158E,  75,  967, TY,  34, NEQ,   50,   50,   50,   50, 1001,  130,  20,   0,   0, 
SH, 14, 2004030118,   , BEST,   0, 216S, 1158E,  75,  967, TY,  50, NEQ,   25,   25,   25,   25, 1001,  130,  20,   0,   0, 
SH, 14, 2004030200,   , BEST,   0, 219S, 1162E,  60,  980, TS,  34, NEQ,   50,   50,   50,   50, 
SH, 14, 2004030200,   , BEST,   0, 219S, 1162E,  60,  980, TS,  50, NEQ,   25,   25,   25,   25, 
SH, 14, 2004030206,   , BEST,   0, 224S, 1165E,  45,  991, TS,  34, NEQ,   50,   50,   50,   50, 
SH, 14, 2004030212,   , BEST,   0, 230S, 1169E,  35,  997, TS,  34, NEQ,   50,   50,   50,   50, 
