SH, 23, 2004050400,   , BEST,   0,  76S,  841E,  20, 1004, DB,   0,    ,    0,    0,    0,    0, 
SH, 23, 2004050406,   , BEST,   0,  81S,  831E,  25, 1002, TD,   0,    ,    0,    0,    0,    0, 1004,  120,  45,   0,   0, 
SH, 23, 2004050412,   , BEST,   0,  85S,  820E,  25, 1002, TD,   0,    ,    0,    0,    0,    0, 1007,  120,  45,   0,   0, 
SH, 23, 2004050418,   , BEST,   0,  87S,  806E,  25, 1002, TD,   0,    ,    0,    0,    0,    0, 1006,  120,  45,   0,   0, 
SH, 23, 2004050500,   , BEST,   0,  87S,  792E,  25, 1002, TD,   0,    ,    0,    0,    0,    0, 1006,  120,  45,   0,   0, 
SH, 23, 2004050506,   , BEST,   0,  86S,  778E,  30, 1000, TD,   0,    ,    0,    0,    0,    0, 1006,  120,  45,   0,   0, 
SH, 23, 2004050512,   , BEST,   0,  85S,  764E,  35,  997, TS,   0,    ,    0,    0,    0,    0, 1005,  130,  45,   0,   0, 
SH, 23, 2004050518,   , BEST,   0,  85S,  754E,  35,  997, TS,   0,    ,    0,    0,    0,    0, 1005,  130,  45,   0,   0, 
SH, 23, 2004050600,   , BEST,   0,  85S,  747E,  35,  997, TS,  34, NEQ,   10,   20,   20,   20, 1005,  130,  45,   0,   0, 
SH, 23, 2004050606,   , BEST,   0,  80S,  742E,  35,  997, TS,  34, NEQ,   10,   20,   20,   20, 1006,   40,  10,   0,   0, 
SH, 23, 2004050612,   , BEST,   0,  74S,  748E,  30, 1000, TD,   0,    ,    0,    0,    0,    0, 
SH, 23, 2004050618,   , BEST,   0,  72S,  759E,  30, 1000, TD,   0,    ,    0,    0,    0,    0, 
SH, 23, 2004050700,   , BEST,   0,  71S,  771E,  30, 1000, TD,   0,    ,    0,    0,    0,    0, 
SH, 23, 2004050706,   , BEST,   0,  78S,  781E,  30, 1000, TD,   0,    ,    0,    0,    0,    0, 
SH, 23, 2004050712,   , BEST,   0,  86S,  787E,  30, 1000, TD,   0,    ,    0,    0,    0,    0, 
SH, 23, 2004050718,   , BEST,   0,  94S,  789E,  30, 1000, TD,   0,    ,    0,    0,    0,    0, 
SH, 23, 2004050800,   , BEST,   0,  99S,  786E,  25, 1002, TD,   0,    ,    0,    0,    0,    0, 
SH, 23, 2004050806,   , BEST,   0, 103S,  782E,  25, 1002, TD,   0,    ,    0,    0,    0,    0, 
SH, 23, 2004050812,   , BEST,   0, 106S,  777E,  25, 1002, TD,   0,    ,    0,    0,    0,    0, 1006,  140,  45,   0,   0, 
SH, 23, 2004050818,   , BEST,   0, 105S,  771E,  25, 1002, TD,   0,    ,    0,    0,    0,    0, 1006,  140,  45,   0,   0, 
SH, 23, 2004050900,   , BEST,   0, 103S,  765E,  25, 1002, TD,   0,    ,    0,    0,    0,    0, 1006,  140,  45,   0,   0, 
SH, 23, 2004050906,   , BEST,   0, 103S,  759E,  25, 1002, TD,   0,    ,    0,    0,    0,    0, 
SH, 23, 2004050912,   , BEST,   0, 100S,  754E,  25, 1002, TD,   0,    ,    0,    0,    0,    0, 
SH, 23, 2004050918,   , BEST,   0, 102S,  746E,  25, 1002, TD,   0,    ,    0,    0,    0,    0, 
SH, 23, 2004051000,   , BEST,   0, 104S,  738E,  25, 1002, TD,   0,    ,    0,    0,    0,    0, 
SH, 23, 2004051006,   , BEST,   0, 105S,  729E,  25, 1002, TD,   0,    ,    0,    0,    0,    0, 
SH, 23, 2004051012,   , BEST,   0, 102S,  723E,  25, 1002, TD,   0,    ,    0,    0,    0,    0, 
SH, 23, 2004051018,   , BEST,   0,  99S,  718E,  25, 1002, TD,   0,    ,    0,    0,    0,    0, 
SH, 23, 2004051100,   , BEST,   0,  97S,  713E,  25, 1002, TD,   0,    ,    0,    0,    0,    0, 
SH, 23, 2004051106,   , BEST,   0,  96S,  708E,  25, 1002, TD,   0,    ,    0,    0,    0,    0, 
SH, 23, 2004051112,   , BEST,   0,  97S,  703E,  25, 1002, TD,   0,    ,    0,    0,    0,    0, 
SH, 23, 2004051118,   , BEST,   0, 101S,  700E,  25, 1002, TD,   0,    ,    0,    0,    0,    0, 
SH, 23, 2004051200,   , BEST,   0, 105S,  696E,  25, 1002, TD,   0,    ,    0,    0,    0,    0, 
SH, 23, 2004051206,   , BEST,   0, 109S,  690E,  25, 1002, TD,   0,    ,    0,    0,    0,    0, 1006,  140,  45,   0,   0, 
SH, 23, 2004051212,   , BEST,   0, 112S,  685E,  30, 1000, TD,   0,    ,    0,    0,    0,    0, 1006,  140,  45,   0,   0, 
SH, 23, 2004051218,   , BEST,   0, 117S,  681E,  40,  994, TS,   0,    ,    0,    0,    0,    0, 1008,  140,  45,   0,   0, 
SH, 23, 2004051300,   , BEST,   0, 122S,  678E,  55,  984, TS,   0,    ,    0,    0,    0,    0, 
SH, 23, 2004051306,   , BEST,   0, 128S,  676E,  65,  976, TY,  34, NEQ,   65,   95,   85,   65, 1006,  120,  20,   0,   0, 
SH, 23, 2004051306,   , BEST,   0, 128S,  676E,  65,  976, TY,  50, NEQ,   20,   20,   20,   20, 1006,  120,  20,   0,   0, 
SH, 23, 2004051312,   , BEST,   0, 134S,  675E,  65,  976, TY,  34, NEQ,   65,   95,   85,   65, 1006,  120,  20,   0,   0, 
SH, 23, 2004051312,   , BEST,   0, 134S,  675E,  65,  976, TY,  50, NEQ,   20,   20,   20,   20, 1006,  120,  20,   0,   0, 
SH, 23, 2004051318,   , BEST,   0, 141S,  675E,  65,  976, TY,  34, NEQ,   65,   95,   85,   65, 1006,  120,  20,   0,   0, 
SH, 23, 2004051318,   , BEST,   0, 141S,  675E,  65,  976, TY,  50, NEQ,   20,   20,   20,   20, 1006,  120,  20,   0,   0, 
SH, 23, 2004051400,   , BEST,   0, 148S,  676E,  60,  980, TS,  34, NEQ,   65,   95,   75,   65, 1006,  120,  20,   0,   0, 
SH, 23, 2004051400,   , BEST,   0, 148S,  676E,  60,  980, TS,  50, NEQ,   20,   20,   20,   20, 1006,  120,  20,   0,   0, 
SH, 23, 2004051406,   , BEST,   0, 151S,  670E,  45,  991, TS,  34, NEQ,   65,   95,   75,   65, 1006,  120,  20,   0,   0, 
SH, 23, 2004051412,   , BEST,   0, 148S,  663E,  35,  997, TS,  34, NEQ,   65,   95,   75,   65, 1006,  120,  35,   0,   0, 
SH, 23, 2004051418,   , BEST,   0, 144S,  659E,  30, 1000, TD,   0,    ,    0,    0,    0,    0, 
SH, 23, 2004051500,   , BEST,   0, 148S,  655E,  25, 1002, TD,   0,    ,    0,    0,    0,    0, 
